1.000000000000000000e+01 3.558363817758548748e+02
1.100000000000000000e+01 3.335966079148649897e+02
1.200000000000000000e+01 3.133786316776011631e+02
1.300000000000000000e+01 2.949445945200958477e+02
1.400000000000000000e+01 2.780906176903758933e+02
1.500000000000000000e+01 2.626411389297980463e+02
1.600000000000000000e+01 2.484443206092707328e+02
1.700000000000000000e+01 2.353683037350963900e+02
1.800000000000000000e+01 2.232981343127844980e+02
1.900000000000000000e+01 2.121332275971460604e+02
2.000000000000000000e+01 2.017852652753335576e+02
2.100000000000000000e+01 1.921764431193650182e+02
2.200000000000000000e+01 1.832380039045104070e+02
2.300000000000000000e+01 1.749090037270329390e+02
2.400000000000000000e+01 1.671352702280542530e+02
2.500000000000000000e+01 1.598685193485740115e+02
2.600000000000000000e+01 1.530656036316124755e+02
2.700000000000000000e+01 1.466878701469615862e+02
2.800000000000000000e+01 1.407006101409641019e+02
2.900000000000000000e+01 1.350725857353253616e+02
3.000000000000000000e+01 1.297756215888421423e+02
3.100000000000000000e+01 1.247842515277321098e+02
3.200000000000000000e+01 1.200754118474408330e+02
3.300000000000000000e+01 1.156281743716096884e+02
3.400000000000000000e+01 1.114235134853694973e+02
3.500000000000000000e+01 1.074441022894627054e+02
3.600000000000000000e+01 1.036741337880792031e+02
3.700000000000000000e+01 1.000991636574544543e+02
3.800000000000000000e+01 9.670597166906746622e+01
3.900000000000000000e+01 9.348243928009745218e+01
4.000000000000000000e+01 9.041744127091452299e+01
4.100000000000000000e+01 8.750074961701368181e+01
4.200000000000000000e+01 8.472294804187060890e+01
4.300000000000000000e+01 8.207535591556262489e+01
4.400000000000000000e+01 7.954996034892923262e+01
4.500000000000000000e+01 7.713935548987136315e+01
4.600000000000000000e+01 7.483668816181484829e+01
4.700000000000000000e+01 7.263560909823232237e+01
4.800000000000000000e+01 7.053022912437093339e+01
4.900000000000000000e+01 6.851507972081701325e+01
5.000000000000000000e+01 6.658507747516001984e+01
5.100000000000000000e+01 6.473549198973901753e+01
5.200000000000000000e+01 6.296191686673272869e+01
5.300000000000000000e+01 6.126024343790188453e+01
5.400000000000000000e+01 5.962663694622476385e+01
5.500000000000000000e+01 5.805751492132417013e+01
5.600000000000000000e+01 5.654952752076973610e+01
5.700000000000000000e+01 5.509953963562250578e+01
5.800000000000000000e+01 5.370461458155586598e+01
5.900000000000000000e+01 5.236199921701643234e+01
6.000000000000000000e+01 5.106911034746114098e+01
6.100000000000000000e+01 4.982352229020563783e+01
6.200000000000000000e+01 4.862295548803244571e+01
6.300000000000000000e+01 4.746526607165006340e+01
6.400000000000000000e+01 4.634843628172907160e+01
6.500000000000000000e+01 4.527056567052687086e+01
6.600000000000000000e+01 4.422986301143340171e+01
6.700000000000000000e+01 4.322463885208306777e+01
6.800000000000000000e+01 4.225329865315977429e+01
6.900000000000000000e+01 4.131433646086662037e+01
7.000000000000000000e+01 4.040632906612351150e+01
7.100000000000000000e+01 3.952793060816349424e+01
7.200000000000000000e+01 3.867786758433228300e+01
7.300000000000000000e+01 3.785493423147396186e+01
7.400000000000000000e+01 3.705798824765374633e+01
7.500000000000000000e+01 3.628594682582705389e+01
7.600000000000000000e+01 3.553778297374918793e+01
7.700000000000000000e+01 3.481252209673286302e+01
7.800000000000000000e+01 3.410923882205167956e+01
7.900000000000000000e+01 3.342705404561099414e+01
8.000000000000000000e+01 3.276513218332149080e+01
8.100000000000000000e+01 3.212267861109957323e+01
8.200000000000000000e+01 3.149893727884493444e+01
8.300000000000000000e+01 3.089318848502112047e+01
8.400000000000000000e+01 3.030474679959208117e+01
8.500000000000000000e+01 2.973295912412834241e+01
8.600000000000000000e+01 2.917720287881744667e+01
8.700000000000000000e+01 2.863688430698739040e+01
8.800000000000000000e+01 2.811143688851043976e+01
8.900000000000000000e+01 2.760031985417394296e+01
9.000000000000000000e+01 2.710301679373869632e+01
9.100000000000000000e+01 2.661903435099302584e+01
9.200000000000000000e+01 2.614790099964814374e+01
9.300000000000000000e+01 2.568916589439108122e+01
9.400000000000000000e+01 2.524239779187991672e+01
9.500000000000000000e+01 2.480718403684767992e+01
9.600000000000000000e+01 2.438312960886723246e+01
9.700000000000000000e+01 2.396985622566613827e+01
9.800000000000000000e+01 2.356700149918419029e+01
9.900000000000000000e+01 2.317421814086490173e+01
1.000000000000000000e+02 2.279117321291612086e+01
1.010000000000000000e+02 2.241754742254076405e+01
1.020000000000000000e+02 2.205303445632072012e+01
1.030000000000000000e+02 2.169734035218649026e+01
1.040000000000000000e+02 2.135018290655145634e+01
1.050000000000000000e+02 2.101129111438384456e+01
1.060000000000000000e+02 2.068040464014136148e+01
1.070000000000000000e+02 2.035727331763958858e+01
1.080000000000000000e+02 2.004165667705573384e+01
1.090000000000000000e+02 1.973332349740887892e+01
1.100000000000000000e+02 1.943205138294458934e+01
1.110000000000000000e+02 1.913762636199109579e+01
1.120000000000000000e+02 1.884984250692349050e+01
1.130000000000000000e+02 1.856850157398393009e+01
1.140000000000000000e+02 1.829341266177696212e+01
1.150000000000000000e+02 1.802439188733920616e+01
1.160000000000000000e+02 1.776126207876503926e+01
1.170000000000000000e+02 1.750385248342042743e+01
1.180000000000000000e+02 1.725199849085296933e+01
1.190000000000000000e+02 1.700554136955554085e+01
1.200000000000000000e+02 1.676432801679565188e+01
1.210000000000000000e+02 1.652821072078435449e+01
1.220000000000000000e+02 1.629704693447973796e+01
1.230000000000000000e+02 1.607069906038977791e+01
1.240000000000000000e+02 1.584903424576386932e+01
1.250000000000000000e+02 1.563192418760249502e+01
1.260000000000000000e+02 1.541924494695487802e+01
1.270000000000000000e+02 1.521087677199606780e+01
1.280000000000000000e+02 1.500670392941916020e+01
1.290000000000000000e+02 1.480661454369322350e+01
1.300000000000000000e+02 1.461050044377697432e+01
1.310000000000000000e+02 1.441825701688511252e+01
1.320000000000000000e+02 1.422978306895171485e+01
1.330000000000000000e+02 1.404498069143315142e+01
1.340000000000000000e+02 1.386375513412432703e+01
1.350000000000000000e+02 1.368601468368692586e+01
1.360000000000000000e+02 1.351167054758878905e+01
1.370000000000000000e+02 1.334063674318914394e+01
1.380000000000000000e+02 1.317282999170222979e+01
1.390000000000000000e+02 1.300816961680598816e+01
1.400000000000000000e+02 1.284657744765337384e+01
1.410000000000000000e+02 1.268797772607719843e+01
1.420000000000000000e+02 1.253229701778167104e+01
1.430000000000000000e+02 1.237946412732114609e+01
1.440000000000000000e+02 1.222941001668677075e+01
1.450000000000000000e+02 1.208206772732944856e+01
1.460000000000000000e+02 1.193737230544499894e+01
1.470000000000000000e+02 1.179526073038003453e+01
1.480000000000000000e+02 1.165567184599689909e+01
1.490000000000000000e+02 1.151854629486763670e+01
1.500000000000000000e+02 1.138382645516173852e+01
1.510000000000000000e+02 1.125145638010132920e+01
1.520000000000000000e+02 1.112138173986912371e+01
1.530000000000000000e+02 1.099354976584794130e+01
1.540000000000000000e+02 1.086790919709511805e+01
1.550000000000000000e+02 1.074441022894604991e+01
1.560000000000000000e+02 1.062300446364762152e+01
1.570000000000000000e+02 1.050364486293226030e+01
1.580000000000000000e+02 1.038628570245290739e+01
1.590000000000000000e+02 1.027088252798077228e+01
1.600000000000000000e+02 1.015739211330711811e+01
1.610000000000000000e+02 1.004577241975427171e+01
1.620000000000000000e+02 9.935982557243324464e+00
1.630000000000000000e+02 9.827982746838422656e+00
1.640000000000000000e+02 9.721734284710711549e+00
1.650000000000000000e+02 9.617199507455428176e+00
1.660000000000000000e+02 9.514341758712911101e+00
1.670000000000000000e+02 9.413125357024437534e+00
1.680000000000000000e+02 9.313515564886188258e+00
1.690000000000000000e+02 9.215478558940315423e+00
1.700000000000000000e+02 9.118981401255357611e+00
1.710000000000000000e+02 9.023992011658538814e+00
1.720000000000000000e+02 8.930479141071442584e+00
1.730000000000000000e+02 8.838412345802781900e+00
1.740000000000000000e+02 8.747761962768850097e+00
1.750000000000000000e+02 8.658499085597949119e+00
1.760000000000000000e+02 8.570595541581326415e+00
1.770000000000000000e+02 8.484023869444511590e+00
1.780000000000000000e+02 8.398757297892043283e+00
1.790000000000000000e+02 8.314769724913086080e+00
1.800000000000000000e+02 8.232035697799448215e+00
1.810000000000000000e+02 8.150530393860927703e+00
1.820000000000000000e+02 8.070229601803086794e+00
1.830000000000000000e+02 7.991109703746335668e+00
1.840000000000000000e+02 7.913147657855994943e+00
1.850000000000000000e+02 7.836320981566104571e+00
1.860000000000000000e+02 7.760607735367538673e+00
1.870000000000000000e+02 7.685986507142840374e+00
1.880000000000000000e+02 7.612436397026611345e+00
1.890000000000000000e+02 7.539937002769065977e+00
1.900000000000000000e+02 7.468468405586586201e+00
1.910000000000000000e+02 7.398011156477215522e+00
1.920000000000000000e+02 7.328546262989166671e+00
1.930000000000000000e+02 7.260055176419189849e+00
1.940000000000000000e+02 7.192519779429410676e+00
1.950000000000000000e+02 7.125922374064102449e+00
1.960000000000000000e+02 7.060245670155699926e+00
1.970000000000000000e+02 6.995472774099336988e+00
1.980000000000000000e+02 6.931587177988714821e+00
1.990000000000000000e+02 6.868572749098071917e+00
2.000000000000000000e+02 6.806413719694262454e+00
2.010000000000000000e+02 6.745094677174718889e+00
2.020000000000000000e+02 6.684600554509267489e+00
2.030000000000000000e+02 6.624916620987062466e+00
2.040000000000000000e+02 6.566028473244768016e+00
2.050000000000000000e+02 6.507922026579120889e+00
2.060000000000000000e+02 6.450583506520889188e+00
2.070000000000000000e+02 6.393999440674285495e+00
2.080000000000000000e+02 6.338156650799602332e+00
2.090000000000000000e+02 6.283042245140354254e+00
2.100000000000000000e+02 6.228643610983164436e+00
2.110000000000000000e+02 6.174948407440307818e+00
2.120000000000000000e+02 6.121944558449381013e+00
2.130000000000000000e+02 6.069620245984052254e+00
2.140000000000000000e+02 6.017963903465039621e+00
2.150000000000000000e+02 5.966964209367844774e+00
2.160000000000000000e+02 5.916610081018763623e+00
2.170000000000000000e+02 5.866890668573333301e+00
2.180000000000000000e+02 5.817795349170931551e+00
2.190000000000000000e+02 5.769313721261152494e+00
2.200000000000000000e+02 5.721435599092927760e+00
2.210000000000000000e+02 5.674151007365133559e+00
2.220000000000000000e+02 5.627450176028558460e+00
2.230000000000000000e+02 5.581323535241640599e+00
2.240000000000000000e+02 5.535761710463970253e+00
2.250000000000000000e+02 5.490755517696205956e+00
2.260000000000000000e+02 5.446295958848223151e+00
2.270000000000000000e+02 5.402374217244655163e+00
2.280000000000000000e+02 5.358981653250778798e+00
2.290000000000000000e+02 5.316109800024950260e+00
2.300000000000000000e+02 5.273750359386974118e+00
2.310000000000000000e+02 5.231895197804765196e+00
2.320000000000000000e+02 5.190536342486092636e+00
2.330000000000000000e+02 5.149665977584587218e+00
2.340000000000000000e+02 5.109276440505493788e+00
2.350000000000000000e+02 5.069360218314117539e+00
2.360000000000000000e+02 5.029909944241633291e+00
2.370000000000000000e+02 4.990918394286233628e+00
2.380000000000000000e+02 4.952378483905572892e+00
2.390000000000000000e+02 4.914283264798681827e+00
2.400000000000000000e+02 4.876625921773300121e+00
2.410000000000000000e+02 4.839399769698810694e+00
2.420000000000000000e+02 4.802598250537622349e+00
2.430000000000000000e+02 4.766214930457740806e+00
2.440000000000000000e+02 4.730243497020292232e+00
2.450000000000000000e+02 4.694677756441268279e+00
2.460000000000000000e+02 4.659511630924905390e+00
2.470000000000000000e+02 4.624739156067061430e+00
2.480000000000000000e+02 4.590354478326925225e+00
2.490000000000000000e+02 4.556351852561556726e+00
2.500000000000000000e+02 4.522725639627473981e+00
2.510000000000000000e+02 4.489470304041945248e+00
2.520000000000000000e+02 4.456580411704718969e+00
2.530000000000000000e+02 4.424050627677616809e+00
2.540000000000000000e+02 4.391875714021816535e+00
2.550000000000000000e+02 4.360050527688398958e+00
2.560000000000000000e+02 4.328570018463095970e+00
2.570000000000000000e+02 4.297429226963386917e+00
2.580000000000000000e+02 4.266623282684092189e+00
2.590000000000000000e+02 4.236147402093493497e+00
2.600000000000000000e+02 4.205996886776100396e+00
2.610000000000000000e+02 4.176167121621725542e+00
2.620000000000000000e+02 4.146653573058816988e+00
2.630000000000000000e+02 4.117451787333360258e+00
2.640000000000000000e+02 4.088557388825431183e+00
2.650000000000000000e+02 4.059966078414253943e+00
2.660000000000000000e+02 4.031673631874844510e+00
2.670000000000000000e+02 4.003675898320043558e+00
2.680000000000000000e+02 3.975968798677619986e+00
2.690000000000000000e+02 3.948548324204129933e+00
2.700000000000000000e+02 3.921410535034400180e+00
2.710000000000000000e+02 3.894551558766847776e+00
2.720000000000000000e+02 3.867967589082585977e+00
2.730000000000000000e+02 3.841654884394853031e+00
2.740000000000000000e+02 3.815609766534623581e+00
2.750000000000000000e+02 3.789828619463410320e+00
2.760000000000000000e+02 3.764307888019130743e+00
2.770000000000000000e+02 3.739044076690265062e+00
2.780000000000000000e+02 3.714033748417937542e+00
2.790000000000000000e+02 3.689273523428673762e+00
2.800000000000000000e+02 3.664760078090119944e+00
2.810000000000000000e+02 3.640490143798182476e+00
2.820000000000000000e+02 3.616460505885282117e+00
2.830000000000000000e+02 3.592668002557274587e+00
2.840000000000000000e+02 3.569109523851859311e+00
2.850000000000000000e+02 3.545782010623997671e+00
2.860000000000000000e+02 3.522682453551713166e+00
2.870000000000000000e+02 3.499807892164862988e+00
2.880000000000000000e+02 3.477155413898340264e+00
2.890000000000000000e+02 3.454722153163639842e+00
2.900000000000000000e+02 3.432505290442479318e+00
2.910000000000000000e+02 3.410502051400983614e+00
2.920000000000000000e+02 3.388709706024635615e+00
2.930000000000000000e+02 3.367125567769758021e+00
2.940000000000000000e+02 3.345746992736300829e+00
2.950000000000000000e+02 3.324571378858087289e+00
2.960000000000000000e+02 3.303596165111422511e+00
2.970000000000000000e+02 3.282818830739691940e+00
2.980000000000000000e+02 3.262236894496873596e+00
2.990000000000000000e+02 3.241847913906120482e+00
3.000000000000000000e+02 3.221649484536155406e+00
