3.337467438472949139e+28
3.355867461582303464e+28
3.374363698457515051e+28
3.392956590635333939e+28
3.411646580926064373e+28
3.430434113406979603e+28
3.449319633415559453e+28
3.468303587542482471e+28
3.487386423624455352e+28
3.506568590736870844e+28
3.525850539186266414e+28
3.545232720502519036e+28
3.564715587430957734e+28
3.584299593924148032e+28
3.603985195133554136e+28
3.623772847400975059e+28
3.643663008249748969e+28
3.663656136375747744e+28
3.683752691638167030e+28
3.703953135050099462e+28
3.724257928768865121e+28
3.744667536086124288e+28
3.765182421417772049e+28
3.785803050293592331e+28
3.806529889346667409e+28
3.827363406302570581e+28
3.848304069968291895e+28
3.869352350220960667e+28
3.890508717996257960e+28
3.911773645276648279e+28
3.933147605079317062e+28
3.954631071443840303e+28
3.976224519419630339e+28
3.997928425053104105e+28
4.019743265374575636e+28
4.041669518384880289e+28
4.063707663041721446e+28
4.085858179245785883e+28
4.108121547826495859e+28
4.130498250527547456e+28
4.152988769992148979e+28
4.175593589747918063e+28
4.198313194191563278e+28
4.221148068573205971e+28
4.244098698980438228e+28
4.267165572322021955e+28
4.290349176311359258e+28
4.313649999449591633e+28
4.337068531008394806e+28
4.360605261012446360e+28
4.384260680221585500e+28
4.408035280112654398e+28
4.431929552860948994e+28
4.455943991321420863e+28
4.480079089009452474e+28
4.504335340081359773e+28
4.528713239314479586e+28
4.553213282086964992e+28
4.577835964357192791e+28
4.602581782642811212e+28
4.627451233999420819e+28
4.652444815998887745e+28
4.677563026707292770e+28
4.702806364662510071e+28
4.728175328851362021e+28
4.753670418686418603e+28
4.779292133982401017e+28
4.805040974932197374e+28
4.830917442082450015e+28
4.856922036308777800e+28
4.883055258790530439e+28
4.909317610985205938e+28
4.935709594602360504e+28
4.962231711577164854e+28
4.988884464043525991e+28
5.015668354306689135e+28
5.042583884815534426e+28
5.069631558134326516e+28
5.096811876914059532e+28
5.124125343863333215e+28
5.151572461718771657e+28
5.179153733215006638e+28
5.206869661054124391e+28
5.234720747874728867e+28
5.262707496220453480e+28
5.290830408507988190e+28
5.319089986994696684e+28
5.347486733745635426e+28
5.376021150600113551e+28
5.404693739137790086e+28
5.433505000644193258e+28
5.462455436075747235e+28
5.491545546024267576e+28
5.520775830680971131e+28
5.550146789799892217e+28
5.579658922660777174e+28
5.609312728031462601e+28
5.639108704129663363e+28
5.669047348584215250e+28
5.699129158395779309e+28
5.729354629896923414e+28
5.759724258711705983e+28
5.790238539714566549e+28
5.820897966988765107e+28
5.851703033784111608e+28
5.882654232474159770e+28
5.913752054512756139e+28
5.944996990390037635e+28
5.976389529587743878e+28
6.007930160533921712e+28
6.039619370557028064e+28
6.071457645839378387e+28
6.103445471369932750e+28
6.135583330896458282e+28
6.167871706877000254e+28
6.200311080430762050e+28
6.232901931288219010e+28
6.265644737740606862e+28
6.298539976588738140e+28
6.331588123091112269e+28
6.364789650911314931e+28
6.398145032064719896e+28
6.431654736864493329e+28
6.465319233866888244e+28
6.499138989815759633e+28
6.533114469586431318e+28
6.567246136128733328e+28
6.601534450409379581e+28
6.635979871353516079e+28
6.670582855785567185e+28
6.705343858369273541e+28
6.740263331546981427e+28
6.775341725478144879e+28
6.810579487977027364e+28
6.845977064449597723e+28
6.881534897829665263e+28
6.917253428514163379e+28
6.953133094297612504e+28
6.989174330305803728e+28
7.025377568928549145e+28
7.061743239751738192e+28
7.098271769488393874e+28
7.134963581908963724e+28
7.171819097770728520e+28
7.208838734746312040e+28
7.246022907351353422e+28
7.283372026871231318e+28
7.320886501286969122e+28
7.358566735200173508e+28
7.396413129757059060e+28
7.434426082571632870e+28
7.472605987647852630e+28
7.510953235300888411e+28
7.549468212077488110e+28
7.588151300675291770e+28
7.627002879861302351e+28
7.666023324389260515e+28
7.705213004916177614e+28
7.744572287917772693e+28
7.784101535602992937e+28
7.823801105827484747e+28
7.863671352006093720e+28
7.903712623024318785e+28
7.943925263148758295e+28
7.984309611936526984e+28
8.024866004143604197e+28
8.065594769632202230e+28
8.106496233276941050e+28
8.147570714870140760e+28
8.188818529025868534e+28
8.230239985083023272e+28
8.271835387007252118e+28
8.313605033291844887e+28
8.355549216857412858e+28
8.397668224950585937e+28
8.439962339041460761e+28
8.482431834719989764e+28
8.525076981591240816e+28
8.567898043169430696e+28
8.610895276770883668e+28
8.654068933405797324e+28
8.697419257668810386e+28
8.740946487628418226e+28
8.784650854715176284e+28
8.828532583608767025e+28
8.872591892123735181e+28
8.916828991094169201e+28
8.961244084257010531e+28
9.005837368134249297e+28
9.050609031913802331e+28
9.095559257329191421e+28
9.140688218537944359e+28
9.185996081998739908e+28
9.231483006347275581e+28
9.277149142270893407e+28
9.322994632381863417e+28
9.369019611089409284e+28
9.415224204470425107e+28
9.461608530138885098e+28
9.508172697113942648e+28
9.554916805686674792e+28
9.601840947285544213e+28
9.648945204340476730e+28
9.696229650145608822e+28
9.743694348720713983e+28
9.791339354671193544e+28
9.839164713046788555e+28
9.887170459198835023e+28
9.935356618636201505e+28
9.983723206879803485e+28
1.003227022931571566e+29
1.008099768104693138e+29
1.012990554674363029e+29
1.017899380049212124e+29
1.022826240564228990e+29
1.027771131465369704e+29
1.032734046894014276e+29
1.037714979871285857e+29
1.042713922282226563e+29
1.047730864859824300e+29
1.052765797168893750e+29
1.057818707589813797e+29
1.062889583302117543e+29
1.067978410267934183e+29
1.073085173215282942e+29
1.078209855621219234e+29
1.083352439694833745e+29
1.088512906360097416e+29
1.093691235238566212e+29
1.098887404631922814e+29
1.104101391504380911e+29
1.109333171464928883e+29
1.114582718749429749e+29
1.119850006202564371e+29
1.125135005259624072e+29
1.130437685928156179e+29
1.135758016769448245e+29
1.141095964879868197e+29
1.146451495872047027e+29
1.151824573855911428e+29
1.157215161419558270e+29
1.162623219609984647e+29
1.168048707913654673e+29
1.173491584236919900e+29
1.178951804886284938e+29
1.184429324548516671e+29
1.189924096270602532e+29
1.195436071439556440e+29
1.200965199762068855e+29
1.206511429244002739e+29
1.212074706169741733e+29
1.217654975081378782e+29
1.223252178757757324e+29
1.228866258193356982e+29
1.234497152577027418e+29
1.240144799270571787e+29
1.245809133787176074e+29
1.251490089769690841e+29
1.257187598968758329e+29
1.262901591220793730e+29
1.268631994425809709e+29
1.274378734525103000e+29
1.280141735478779864e+29
1.285920919243142033e+29
1.291716205747923659e+29
1.297527512873379771e+29
1.303354756427232427e+29
1.309197850121468198e+29
1.315056705548994219e+29
1.320931232160153499e+29
1.326821337239092283e+29
1.332726925879990548e+29
1.338647900963155449e+29
1.344584163130968228e+29
1.350535610763701294e+29
1.356502139955197200e+29
1.362483644488409348e+29
1.368480015810814793e+29
1.374491143009692657e+29
1.380516912787269703e+29
1.386557209435743661e+29
1.392611914812173366e+29
1.398680908313247875e+29
1.404764066849928557e+29
1.410861264821973854e+29
1.416972374092340357e+29
1.423097263961470249e+29
1.429235801141462099e+29
1.435387849730123275e+29
1.441553271184921362e+29
1.447731924296820015e+29
1.453923665164008892e+29
1.460128347165533853e+29
1.466345820934823356e+29
1.472575934333113171e+29
1.478818532422787010e+29
1.485073457440610893e+29
1.491340548770883952e+29
1.497619642918509196e+29
1.503910573481966104e+29
1.510213171126215495e+29
1.516527263555523997e+29
1.522852675486211816e+29
1.529189228619334181e+29
1.535536741613298583e+29
1.541895030056411633e+29
1.548263906439378086e+29
1.554643180127735638e+29
1.561032657334246633e+29
1.567432141091239626e+29
1.573841431222908374e+29
1.580260324317577054e+29
1.586688613699931701e+29
1.593126089403220854e+29
1.599572538141434050e+29
1.606027743281464645e+29
1.612491484815257344e+29
1.618963539331944634e+29
1.625443679989988156e+29
1.631931676489315142e+29
1.638427295043465765e+29
1.644930298351759834e+29
1.651440445571472292e+29
1.657957492290046357e+29
1.664481190497335164e+29
1.671011288557875071e+29
1.677547531183214560e+29
1.684089659404289577e+29
1.690637410543856577e+29
1.697190518188994532e+29
1.703748712163674135e+29
1.710311718501412860e+29
1.716879259418018335e+29
1.723451053284412280e+29
1.730026814599578654e+29
1.736606253963607148e+29
1.743189078050858416e+29
1.749774989583260189e+29
1.756363687303736045e+29
1.762954865949779824e+29
1.769548216227177134e+29
1.776143424783901003e+29
1.782740174184166575e+29
1.789338142882672631e+29
1.795937005199032397e+29
1.802536431292404564e+29
1.809136087136332587e+29
1.815735634493807409e+29
1.822334730892555720e+29
1.828933029600578020e+29
1.835530179601924885e+29
1.842125825572754350e+29
1.848719607857643330e+29
1.855311162446205492e+29
1.861900120949987789e+29
1.868486110579686118e+29
1.875068754122686782e+29
1.881647669920925666e+29
1.888222471849109467e+29
1.894792769293287002e+29
1.901358167129797343e+29
1.907918265704597939e+29
1.914472660812992796e+29
1.921020943679781095e+29
1.927562700939817832e+29
1.934097514619022344e+29
1.940624962115848817e+29
1.947144616183211014e+29
1.953656044910902758e+29
1.960158811708513103e+29
1.966652475288860828e+29
1.973136589651954237e+29
1.979610704069498418e+29
1.986074363069970390e+29
1.992527106424267396e+29
1.998968469131953330e+29
2.005397981408119839e+29
2.011815168670870537e+29
2.018219551529463522e+29
2.024610645773111834e+29
2.030987962360460518e+29
2.037351007409784607e+29
2.043699282189886574e+29
2.050032283111744969e+29
2.056349501720913537e+29
2.062650424690704956e+29
2.068934533816163044e+29
2.075201306008857583e+29
2.081450213292513371e+29
2.087680722799494945e+29
2.093892296768172327e+29
2.100084392541182921e+29
2.106256462564613825e+29
2.112407954388123919e+29
2.118538310666034586e+29
2.124646969159398546e+29
2.130733362739077439e+29
2.136796919389856283e+29
2.142837062215600094e+29
2.148853209445492432e+29
2.154844774441375207e+29
2.160811165706202078e+29
2.166751786893649070e+29
2.172666036818889073e+29
2.178553309470564743e+29
2.184412994023975247e+29
2.190244474855516632e+29
2.196047131558383912e+29
2.201820338959572152e+29
2.207563467138194859e+29
2.213275881445154514e+29
2.218956942524178247e+29
2.224606006334255970e+29
2.230222424173504878e+29
2.235805542704482147e+29
2.241354703980980993e+29
2.246869245476327358e+29
2.252348500113213791e+29
2.257791796295094462e+29
2.263198457939165941e+29
2.268567804510964693e+29
2.273899151060612255e+29
2.279191808260729220e+29
2.284445082446055997e+29
2.289658275654795864e+29
2.294830685671721799e+29
2.299961606073069631e+29
2.305050326273247757e+29
2.310096131573390517e+29
2.315098303211789013e+29
2.320056118416223639e+29
2.324968850458231755e+29
2.329835768709331958e+29
2.334656138699256330e+29
2.339429222176183975e+29
2.344154277169040928e+29
2.348830558051878408e+29
2.353457315610356507e+29
2.358033797110374821e+29
2.362559246368870097e+29
2.367032903826814301e+29
2.371454006624440919e+29
2.375821788678735019e+29
2.380135480763203608e+29
2.384394310589971329e+29
2.388597502894220140e+29
2.392744279521002531e+29
2.396833859514463107e+29
2.400865459209494582e+29
2.404838292325852810e+29
2.408751570064764977e+29
2.412604501208056994e+29
2.416396292219824370e+29
2.420126147350684918e+29
2.423793268744622427e+29
2.427396856548470231e+29
2.430936109024043095e+29
2.434410222662954378e+29
2.437818392304139225e+29
2.441159811254109471e+29
2.444433671409974746e+29
2.447639163385233989e+29
2.450775476638385944e+29
2.453841799604361787e+29
2.456837319828814373e+29
2.459761224105285217e+29
2.462612698615265034e+29
2.465390929071174933e+29
2.468095100862287622e+29
2.470724399203606557e+29
2.473278009287723455e+29
2.475755116439665414e+29
2.478154906274774585e+29
2.480476564859584838e+29
2.482719278875778829e+29
2.484882235787182527e+29
2.486964624009837321e+29
2.488965633085165539e+29
2.490884453856226556e+29
2.492720278647083561e+29
2.494472301445290465e+29
2.496139718087499320e+29
2.497721726448205471e+29
2.499217526631632570e+29
2.500626321166751805e+29
2.501947315205462456e+29
2.503179716723901740e+29
2.504322736726920897e+29
2.505375589455695158e+29
2.506337492598486221e+29
2.507207667504538254e+29
2.507985339401115159e+29
2.508669737613652001e+29
2.509260095789043125e+29
2.509755652122014184e+29
2.510155649584603415e+29
2.510459336158712737e+29
2.510665965071725536e+29
2.510774795035161202e+29
2.510785090486354471e+29
2.510696121833141269e+29
2.510507165701505324e+29
2.510217505186179910e+29
2.509826430104168490e+29
2.509333237251152937e+29
2.508737230660743248e+29
2.508037721866557135e+29
2.507234030167067569e+29
2.506325482893190491e+29
2.505311415678564467e+29
2.504191172732472346e+29
2.502964107115364098e+29
2.501629581016922072e+29
2.500186966036617660e+29
2.498635643466697444e+29
2.496975004577547450e+29
2.495204450905360932e+29
2.493323394542057944e+29
2.491331258427364538e+29
2.489227476643013220e+29
2.487011494708951743e+29
2.484682769881515170e+29
2.482240771453449705e+29
2.479684981055737253e+29
2.477014892961092649e+29
2.474230014389078310e+29
2.471329865812717387e+29
2.468313981266521688e+29
2.465181908655819306e+29
2.461933210067292588e+29
2.458567462080600494e+29
2.455084256080984701e+29
2.451483198572744066e+29
2.447763911493441624e+29
2.443926032528752994e+29
2.439969215427781688e+29
2.435893130318772704e+29
2.431697464025016111e+29
2.427381920380874489e+29
2.422946220547744222e+29
2.418390103329819751e+29
2.413713325489517253e+29
2.408915662062389896e+29
2.403996906671402396e+29
2.398956871840367822e+29
2.393795389306418958e+29
2.388512310331318564e+29
2.383107506011449180e+29
2.377580867586306530e+29
2.371932306745314992e+29
2.366161755932763860e+29
2.360269168650720869e+29
2.354254519759682297e+29
2.348117805776798167e+29
2.341859045171456161e+29
2.335478278658039866e+29
2.328975569485636901e+29
2.322351003724501624e+29
2.315604690549052541e+29
2.308736762517196461e+29
2.301747375845751405e+29
2.294636710681756474e+29
2.287404971369430096e+29
2.280052386712565933e+29
2.272579210232120831e+29
2.264985720418763317e+29
2.257272220980152890e+29
2.249439041082706259e+29
2.241486535587610248e+29
2.233415085280824141e+29
2.225225097096860036e+29
2.216917004336042114e+29
2.208491266875040074e+29
2.199948371370402984e+29
2.191288831454831076e+29
2.182513187925955742e+29
2.173622008927348694e+29
2.164615890121505583e+29
2.155495454854555658e+29
2.146261354312429703e+29
2.136914267668223105e+29
2.127454902220501746e+29
2.117883993522280870e+29
2.108202305500422555e+29
2.098410630565189988e+29
2.088509789709691523e+29
2.078500632598965751e+29
2.068384037648441594e+29
2.058160912091523613e+29
2.047832192036029501e+29
2.037398842509252819e+29
2.026861857491377243e+29
2.016222259936998139e+29
2.005481101784512569e+29
1.994639463953124048e+29
1.983698456327224547e+29
1.972659217727922251e+29
1.961522915871469106e+29
1.950290747314374610e+29
1.938963937384965523e+29
1.927543740101186025e+29
1.916031438074415254e+29
1.904428342399084079e+29
1.892735792527919411e+29
1.880955156132574329e+29
1.869087828949492734e+29
1.857135234610803055e+29
1.845098824460063673e+29
1.832980077352709478e+29
1.820780499441011319e+29
1.808501623943425204e+29
1.796145010898153217e+29
1.783712246900823269e+29
1.771204944826112454e+29
1.758624743533242945e+29
1.745973307555221312e+29
1.733252326771720260e+29
1.720463516065535962e+29
1.707608614962543913e+29
1.694689387255073802e+29
1.681707620608676655e+29
1.668665126152230066e+29
1.655563738051370260e+29
1.642405313065218612e+29
1.629191730086427966e+29
1.615924889664547680e+29
1.602606713512729940e+29
1.589239143997846986e+29
1.575824143614039310e+29
1.562363694439804089e+29
1.548859797578675377e+29
1.535314472583631172e+29
1.521729756865316910e+29
1.508107705084240539e+29
1.494450388527072347e+29
1.480759894467230749e+29
1.467038325509919570e+29
1.453287798921835502e+29
1.439510445945738707e+29
1.425708411100141671e+29
1.411883851464349920e+29
1.398038935949131504e+29
1.384175844553295142e+29
1.370296767606476438e+29
1.356403904998457467e+29
1.342499465395356596e+29
1.328585665443037411e+29
1.314664728958106890e+29
1.300738886106907427e+29
1.286810372572884827e+29
1.272881428712784551e+29
1.258954298702088592e+29
1.245031229670179734e+29
1.231114470825682514e+29
1.217206272572492823e+29
1.203308885616994687e+29
1.189424560066995014e+29
1.175555544522904927e+29
1.161704085161750699e+29
1.147872424814551909e+29
1.134062802037690285e+29
1.120277450178839738e+29
1.106518596438096731e+29
1.092788460924938825e+29
1.079089255711636305e+29
1.065423183883805757e+29
1.051792438588745998e+29
1.038199202082259301e+29
1.024645644774639283e+29
1.011133924276531082e+29
9.976661844453857835e+28
9.842445544332219599e+28
9.708711477364386255e+28
9.575480612484058269e+28
9.442773743155981213e+28
9.310611477980150955e+28
9.179014231346490829e+28
9.048002214147776538e+28
8.917595424558331189e+28
8.787813638886456238e+28
8.658676402508124240e+28
8.530203020889964273e+28
8.402412550709064189e+28
8.275323791077639895e+28
8.148955274880185540e+28
8.023325260230899734e+28
7.898451722059176712e+28
7.774352343830776362e+28
7.651044509412391672e+28
7.528545295087133389e+28
7.406871461728538749e+28
7.286039447140368076e+28
7.166065358569806697e+28
7.046964965401044801e+28
6.928753692036597603e+28
6.811446610973198593e+28
6.695058436079335310e+28
6.579603516081051085e+28
6.465095828262670519e+28
6.351548972388837310e+28
6.238976164854271478e+28
6.127390233067104218e+28
6.016803610071964331e+28
5.907228329418301489e+28
5.798676020279508106e+28
5.691157902828215104e+28
5.584684783872647798e+28
5.479267052758963322e+28
5.374914677544122458e+28
5.271637201443572508e+28
5.169443739557881558e+28
5.068342975881978002e+28
4.968343160600687079e+28
4.869452107673631584e+28
4.771677192712548147e+28
4.675025351153612156e+28
4.579503076727137475e+28
4.485116420226671412e+28
4.391870988579255610e+28
4.299771944218203914e+28
4.208824004759521384e+28
4.119031442982709456e+28
4.030398087116445452e+28
3.942927321429121040e+28
3.856622087124167517e+28
3.771484883539443112e+28
3.687517769649929811e+28
3.604722365872354317e+28
3.523099856170274747e+28
3.442650990457660111e+28
3.363376087298683940e+28
3.285275036901204941e+28
3.208347304400954582e+28
3.132591933433218801e+28
3.058007549988374933e+28
2.984592366547433333e+28
2.912344186493295621e+28
2.841260408793214947e+28
2.771338032947564119e+28
2.702573664199780423e+28
2.634963519001975461e+28
2.568503430730466201e+28
2.503188855645179893e+28
2.439014879086580327e+28
2.375976221903530679e+28
2.314067247105214833e+28
2.253281966730021817e+28
2.193614048923972520e+28
2.135056825221180800e+28
2.077603298018417970e+28
2.021246148235850113e+28
1.965977743155625364e+28
1.911790144429946725e+28
1.858675116249964075e+28
1.806624133666769315e+28
1.755628391055520885e+28
1.705678810713647338e+28
1.656766051583939833e+28
1.608880518093184158e+28
1.562012369096960942e+28
1.516151526921081283e+28
1.471287686490079507e+28
1.427410324533136398e+28
1.384508708857740033e+28
1.342571907681357520e+28
1.301588799011394639e+28
1.261548080063694473e+28
1.222438276709843455e+28
1.184247752943570664e+28
1.146964720356596756e+28
1.110577247614273549e+28
1.075073269921510089e+28
1.040440598469473305e+28
1.006666929853716106e+28
9.737398554544409262e+27
9.416468707697592660e+27
9.103753846929301219e+27
8.799127287246953460e+27
8.502461661120067692e+27
8.213629009045975962e+27
7.932500869210321085e+27
7.658948366160791447e+27
7.392842298414107450e+27
7.134053224919232170e+27
6.882451550301092794e+27
6.637907608812142786e+27
6.400291746921322390e+27
6.169474404472214753e+27
5.945326194345360458e+27
5.727717980561846104e+27
5.516520954768371079e+27
5.311606711046588258e+27
5.112847318992749064e+27
4.920115395016108926e+27
4.733284171808046637e+27
4.552227565936552685e+27
4.376820243523931253e+27
4.206937683968712390e+27
4.042456241675788961e+27
3.883253205762036037e+27
3.729206857707755039e+27
3.580196526927674213e+27
3.436102644237973672e+27
3.296806793199527871e+27
3.162191759320341764e+27
3.032141577103394420e+27
2.906541574929376023e+27
2.785278417766685988e+27
2.668240147704359571e+27
2.555316222306445780e+27
2.446397550789536708e+27
2.341376528027884261e+27
2.240147066393677455e+27
2.142604625442696375e+27
2.048646239458478408e+27
1.958170542870748614e+27
1.871077793566629464e+27
1.787269894115562175e+27
1.706650410931522794e+27
1.629124591398451534e+27
1.554599378987102522e+27
1.482983426393888614e+27
1.414187106734298996e+27
1.348122522825629178e+27
1.284703514595689905e+27
1.223845664655990395e+27
1.165466302079694371e+27
1.109484504426297886e+27
1.055821098056498252e+27
1.004398656782215591e+27
9.551414988980476361e+26
9.079756826416683878e+26
8.628290001318227596e+26
8.196309698335908213e+26
7.783128276014800691e+26
7.388075163517649326e+26
7.010496744161073572e+26
6.649756226291848552e+26
6.305233502034365596e+26
5.976324994444996803e+26
5.662443493611498956e+26
5.363017982237301222e+26
5.077493451251583415e+26
4.805330705985686062e+26
4.546006163455201886e+26
4.299011641285127463e+26
4.063854138812539389e+26
3.840055610897118309e+26
3.627152734965529890e+26
3.424696671809808720e+26
3.232252820653783994e+26
3.049400568994463077e+26
2.875733037717449184e+26
2.710856821977139907e+26
2.554391728323074504e+26
2.405970508544404597e+26
2.265238590693765010e+26
2.131853807741278891e+26
2.005486124297834165e+26
1.885817361835092907e+26
1.772540922817299974e+26
1.665361514147435502e+26
1.563994870317136970e+26
1.468167476636600093e+26
1.377616292906982118e+26
1.292088477884080174e+26
1.211341114867987693e+26
1.135140938739272457e+26
1.063264064747844211e+26
9.954957193463117456e+25
9.316299733451905429e+25
8.714694776527442569e+25
8.148252018478495017e+25
7.615161758197681940e+25
7.113692346944018125e+25
6.642187672522840610e+25
6.199064680294805860e+25
5.782810932785640941e+25
5.391982209530393272e+25
5.025200148650413011e+25
4.681149931527476954e+25
4.358578011808800497e+25
4.056289889848423581e+25
3.773147933565153883e+25
3.508069246575374804e+25
3.260023584340095598e+25
3.028031318950284328e+25
2.811161453062780074e+25
2.608529683391189466e+25
2.419296514051556290e+25
2.242665419962687618e+25
2.077881060404340687e+25
1.924227542744310940e+25
1.781026736257207385e+25
1.647636635873707544e+25
1.523449775619025630e+25
1.407891691423810062e+25
1.300419432918986647e+25
1.200520123758745975e+25
1.107709569952736653e+25
1.021530915629302966e+25
9.415533455967093787e+24
8.673708340182545458e+24
7.986009384701696061e+24
7.348836386081307516e+24
6.758802186288485114e+24
6.212721926777488517e+24
5.707602723217722787e+24
5.240633751780603267e+24
4.809176737643408652e+24
4.410756836153169342e+24
4.043053896910306921e+24
3.703894100879661762e+24
3.391241960514662057e+24
3.103192672786841072e+24
2.837964814946925820e+24
2.593893372804373640e+24
2.369423091296918615e+24
2.163102137131136056e+24
1.973576063305470070e+24
1.799582065380103094e+24
1.639943519429286911e+24
1.493564791702634558e+24
1.359426310129062825e+24
1.236579887920928776e+24
1.124144289673584103e+24
1.021301030507844517e+24
9.272903989662350133e+23
8.414076945494867454e+23
7.629996709644312993e+23
6.914611763488243350e+23
6.262319819402909634e+23
5.667937908653950564e+23
5.126674189394139425e+23
4.634101395868456531e+23
4.186131852162218213e+23
3.778993976093582557e+23
3.409210201141722638e+23
3.073576246607082380e+23
2.769141668512519107e+23
2.493191626069053056e+23
2.243229800838584703e+23
2.016962408023617385e+23
1.812283241594375845e+23
1.627259697222622558e+23
1.460119719222220979e+23
1.309239619896918986e+23
1.173132721860070091e+23
1.050438776016410079e+23
9.399141099792655555e+22
8.404224637342667558e+22
7.509264713507194012e+22
6.704797494818363146e+22
5.982195552832229002e+22
5.333599782134162758e+22
4.751856319603256223e+22
4.230458144610864805e+22
3.763491056503009942e+22
3.345583741817041663e+22
2.971861659209808059e+22
2.637904485025647795e+22
2.339706876810266621e+22
2.073642325881598352e+22
1.836429883308846036e+22
1.625103556329087592e+22
1.436984184358210581e+22
1.269653615334835356e+22
1.120931014185909748e+22
9.888511457292760121e+21
8.716444843451276591e+21
7.677190122677028782e+21
6.756435773835134894e+21
5.941326899878791479e+21
5.220326460615091552e+21
4.583088722984358642e+21
4.020343953609946300e+21
3.523793446721042776e+21
3.086014044954289504e+21
2.700371371155817759e+21
2.360941046290479317e+21
2.062437222073515901e+21
1.800147807125342257e+21
1.569875812465251189e+21
1.367886286152411382e+21
1.190858348000828981e+21
1.035841873681826447e+21
9.002184133235558318e+20
7.816659630587062518e+20
6.781272389920886620e+20
5.877811318871271670e+20
5.090170476297002680e+20
4.404118633390140293e+20
3.807092519738024919e+20
3.288011495397043732e+20
2.837111586463906857e+20
2.445797002931077120e+20
2.106507424763107410e+20
1.812599496058093568e+20
1.558241108749091471e+20
1.338317187394834924e+20
