20 0.000000 250
20 0.031250 276
20 0.062500 224
20 0.093750 215
20 0.125000 207
20 0.156250 184
20 0.187500 205
20 0.218750 242
20 0.250000 308
20 0.281250 341
20 0.312500 362
20 0.343750 328
20 0.375000 339
20 0.406250 316
20 0.437500 315
20 0.468750 301
20 0.500000 311
20 0.531250 295
20 0.562500 268
20 0.593750 255
20 0.625000 241
20 0.656250 231
20 0.687500 226
20 0.718750 247
20 0.750000 235
20 0.781250 218
20 0.812500 264
20 0.843750 254
20 0.875000 269
20 0.906250 280
20 0.937500 265
20 0.968750 268
21 0.000000 422
21 0.031250 422
21 0.062500 401
21 0.093750 383
21 0.125000 354
21 0.156250 342
21 0.187500 375
21 0.218750 404
21 0.250000 442
21 0.281250 498
21 0.312500 557
21 0.343750 545
21 0.375000 544
21 0.406250 525
21 0.437500 566
21 0.468750 480
21 0.500000 460
21 0.531250 456
21 0.562500 416
21 0.593750 397
21 0.625000 371
21 0.656250 370
21 0.687500 402
21 0.718750 370
21 0.750000 390
21 0.781250 370
21 0.812500 364
21 0.843750 414
21 0.875000 406
21 0.906250 449
21 0.937500 436
21 0.968750 433
22 0.000000 653
22 0.031250 633
22 0.062500 546
22 0.093750 535
22 0.125000 534
22 0.156250 498
22 0.187500 574
22 0.218750 591
22 0.250000 743
22 0.281250 745
22 0.312500 752
22 0.343750 799
22 0.375000 857
22 0.406250 780
22 0.437500 795
22 0.468750 751
22 0.500000 705
22 0.531250 667
22 0.562500 679
22 0.593750 555
22 0.625000 555
22 0.656250 544
22 0.687500 565
22 0.718750 543
22 0.750000 546
22 0.781250 608
22 0.812500 604
22 0.843750 613
22 0.875000 632
22 0.906250 673
22 0.937500 661
22 0.968750 662
23 0.000000 896
23 0.031250 842
23 0.062500 841
23 0.093750 730
23 0.125000 789
23 0.156250 686
23 0.187500 748
23 0.218750 844
23 0.250000 929
23 0.281250 999
23 0.312500 1105
23 0.343750 1156
23 0.375000 1243
23 0.406250 1121
23 0.437500 1066
23 0.468750 1095
23 0.500000 999
23 0.531250 919
23 0.562500 894
23 0.593750 808
23 0.625000 735
23 0.656250 734
23 0.687500 749
23 0.718750 788
23 0.750000 825
23 0.781250 829
23 0.812500 849
23 0.843750 848
23 0.875000 912
23 0.906250 913
23 0.937500 1029
23 0.968750 879
24 0.000000 1152
24 0.031250 1184
24 0.062500 1077
24 0.093750 1027
24 0.125000 942
24 0.156250 902
24 0.187500 1020
24 0.218750 1202
24 0.250000 1295
24 0.281250 1411
24 0.312500 1493
24 0.343750 1558
24 0.375000 1531
24 0.406250 1565
24 0.437500 1422
24 0.468750 1388
24 0.500000 1300
24 0.531250 1202
24 0.562500 1118
24 0.593750 1085
24 0.625000 994
24 0.656250 1060
24 0.687500 1008
24 0.718750 1001
24 0.750000 1052
24 0.781250 1145
24 0.812500 1087
24 0.843750 1138
24 0.875000 1213
24 0.906250 1262
24 0.937500 1257
24 0.968750 1247
25 0.000000 1531
25 0.031250 1390
25 0.062500 1307
25 0.093750 1254
25 0.125000 1236
25 0.156250 1209
25 0.187500 1312
25 0.218750 1392
25 0.250000 1574
25 0.281250 1714
25 0.312500 1888
25 0.343750 1865
25 0.375000 1940
25 0.406250 1840
25 0.437500 1755
25 0.468750 1694
25 0.500000 1623
25 0.531250 1522
25 0.562500 1434
25 0.593750 1262
25 0.625000 1322
25 0.656250 1307
25 0.687500 1292
25 0.718750 1310
25 0.750000 1351
25 0.781250 1361
25 0.812500 1451
25 0.843750 1484
25 0.875000 1534
25 0.906250 1594
25 0.937500 1588
25 0.968750 1531
26 0.000000 1828
26 0.031250 1695
26 0.062500 1591
26 0.093750 1488
26 0.125000 1469
26 0.156250 1427
26 0.187500 1512
26 0.218750 1613
26 0.250000 1874
26 0.281250 1970
26 0.312500 2070
26 0.343750 2199
26 0.375000 2254
26 0.406250 2115
26 0.437500 2141
26 0.468750 1985
26 0.500000 1899
26 0.531250 1775
26 0.562500 1574
26 0.593750 1564
26 0.625000 1396
26 0.656250 1496
26 0.687500 1550
26 0.718750 1584
26 0.750000 1593
26 0.781250 1648
26 0.812500 1661
26 0.843750 1793
26 0.875000 1885
26 0.906250 1931
26 0.937500 1958
26 0.968750 1836
27 0.000000 2094
27 0.031250 1985
27 0.062500 1902
27 0.093750 1797
27 0.125000 1623
27 0.156250 1599
27 0.187500 1723
27 0.218750 1859
27 0.250000 2052
27 0.281250 2304
27 0.312500 2371
27 0.343750 2518
27 0.375000 2481
27 0.406250 2409
27 0.437500 2278
27 0.468750 2204
27 0.500000 2182
27 0.531250 1987
27 0.562500 1847
27 0.593750 1719
27 0.625000 1654
27 0.656250 1583
27 0.687500 1655
27 0.718750 1754
27 0.750000 1796
27 0.781250 1820
27 0.812500 1973
27 0.843750 2069
27 0.875000 2140
27 0.906250 2179
27 0.937500 2193
27 0.968750 2071
28 0.000000 2258
28 0.031250 2229
28 0.062500 2092
28 0.093750 1904
28 0.125000 1883
28 0.156250 1767
28 0.187500 1841
28 0.218750 2103
28 0.250000 2295
28 0.281250 2410
28 0.312500 2710
28 0.343750 2601
28 0.375000 2585
28 0.406250 2592
28 0.437500 2423
28 0.468750 2375
28 0.500000 2285
28 0.531250 2062
28 0.562500 2025
28 0.593750 1851
28 0.625000 1748
28 0.656250 1767
28 0.687500 1842
28 0.718750 1956
28 0.750000 1957
28 0.781250 2064
28 0.812500 2131
28 0.843750 2386
28 0.875000 2439
28 0.906250 2432
28 0.937500 2462
28 0.968750 2376
29 0.000000 2531
29 0.031250 2341
29 0.062500 2235
29 0.093750 2091
29 0.125000 1993
29 0.156250 1873
29 0.187500 2046
29 0.218750 2172
29 0.250000 2508
29 0.281250 2712
29 0.312500 2675
29 0.343750 2826
29 0.375000 2797
29 0.406250 2753
29 0.437500 2639
29 0.468750 2525
29 0.500000 2359
29 0.531250 2255
29 0.562500 2040
29 0.593750 2005
29 0.625000 1817
29 0.656250 1919
29 0.687500 1947
29 0.718750 2118
29 0.750000 2177
29 0.781250 2184
29 0.812500 2377
29 0.843750 2584
29 0.875000 2528
29 0.906250 2665
29 0.937500 2646
29 0.968750 2604
30 0.000000 2696
30 0.031250 2568
30 0.062500 2445
30 0.093750 2208
30 0.125000 2060
30 0.156250 2010
30 0.187500 2147
30 0.218750 2326
30 0.250000 2515
30 0.281250 2785
30 0.312500 2854
30 0.343750 2901
30 0.375000 2863
30 0.406250 2780
30 0.437500 2835
30 0.468750 2561
30 0.500000 2507
30 0.531250 2359
30 0.562500 2155
30 0.593750 2120
30 0.625000 1944
30 0.656250 1903
30 0.687500 2054
30 0.718750 2179
30 0.750000 2302
30 0.781250 2349
30 0.812500 2460
30 0.843750 2613
30 0.875000 2816
30 0.906250 2804
30 0.937500 2842
30 0.968750 2687
31 0.000000 2822
31 0.031250 2686
31 0.062500 2589
31 0.093750 2349
31 0.125000 2200
31 0.156250 2099
31 0.187500 2246
31 0.218750 2411
31 0.250000 2614
31 0.281250 2783
31 0.312500 2925
31 0.343750 2914
31 0.375000 3016
31 0.406250 2867
31 0.437500 2779
31 0.468750 2628
31 0.500000 2452
31 0.531250 2196
31 0.562500 2242
31 0.593750 1969
31 0.625000 1996
31 0.656250 2067
31 0.687500 2095
31 0.718750 2249
31 0.750000 2408
31 0.781250 2449
31 0.812500 2671
31 0.843750 2885
31 0.875000 2936
31 0.906250 3061
31 0.937500 2998
31 0.968750 2931
32 0.000000 2940
32 0.031250 2773
32 0.062500 2657
32 0.093750 2430
32 0.125000 2316
32 0.156250 2202
32 0.187500 2328
32 0.218750 2533
32 0.250000 2663
32 0.281250 2939
32 0.312500 2959
32 0.343750 3144
32 0.375000 3048
32 0.406250 2874
32 0.437500 2774
32 0.468750 2590
32 0.500000 2595
32 0.531250 2319
32 0.562500 2133
32 0.593750 2047
32 0.625000 1986
32 0.656250 2005
32 0.687500 2281
32 0.718750 2337
32 0.750000 2495
32 0.781250 2581
32 0.812500 2905
32 0.843750 2964
32 0.875000 3026
32 0.906250 3163
32 0.937500 3089
32 0.968750 3131
33 0.000000 3127
33 0.031250 2807
33 0.062500 2641
33 0.093750 2497
33 0.125000 2399
33 0.156250 2200
33 0.187500 2321
33 0.218750 2582
33 0.250000 2846
33 0.281250 2873
33 0.312500 3082
33 0.343750 3048
33 0.375000 3109
33 0.406250 2898
33 0.437500 2778
33 0.468750 2651
33 0.500000 2536
33 0.531250 2379
33 0.562500 2167
33 0.593750 2083
33 0.625000 1963
33 0.656250 2089
33 0.687500 2206
33 0.718750 2376
33 0.750000 2440
33 0.781250 2628
33 0.812500 2936
33 0.843750 3123
33 0.875000 3251
33 0.906250 3193
33 0.937500 3099
33 0.968750 3177
34 0.000000 3093
34 0.031250 2895
34 0.062500 2848
34 0.093750 2659
34 0.125000 2334
34 0.156250 2294
34 0.187500 2351
34 0.218750 2596
34 0.250000 2755
34 0.281250 2964
34 0.312500 3118
34 0.343750 3148
34 0.375000 3075
34 0.406250 2920
34 0.437500 2834
34 0.468750 2689
34 0.500000 2496
34 0.531250 2316
34 0.562500 2114
34 0.593750 2098
34 0.625000 2028
34 0.656250 2103
34 0.687500 2286
34 0.718750 2448
34 0.750000 2570
34 0.781250 2818
34 0.812500 2999
34 0.843750 3160
34 0.875000 3297
34 0.906250 3354
34 0.937500 3314
34 0.968750 3323
35 0.000000 3202
35 0.031250 3016
35 0.062500 2924
35 0.093750 2580
35 0.125000 2518
35 0.156250 2209
35 0.187500 2375
35 0.218750 2603
35 0.250000 2713
35 0.281250 2933
35 0.312500 3018
35 0.343750 3082
35 0.375000 3011
35 0.406250 2944
35 0.437500 2782
35 0.468750 2664
35 0.500000 2509
35 0.531250 2322
35 0.562500 2129
35 0.593750 2024
35 0.625000 2020
35 0.656250 2117
35 0.687500 2224
35 0.718750 2391
35 0.750000 2636
35 0.781250 2936
35 0.812500 3053
35 0.843750 3171
35 0.875000 3495
35 0.906250 3432
35 0.937500 3373
35 0.968750 3384
36 0.000000 3192
36 0.031250 3057
36 0.062500 2836
36 0.093750 2558
36 0.125000 2475
36 0.156250 2373
36 0.187500 2354
36 0.218750 2597
36 0.250000 2735
36 0.281250 2879
36 0.312500 3029
36 0.343750 3007
36 0.375000 2988
36 0.406250 2859
36 0.437500 2682
36 0.468750 2604
36 0.500000 2369
36 0.531250 2193
36 0.562500 2074
36 0.593750 2002
36 0.625000 1961
36 0.656250 2016
36 0.687500 2263
36 0.718750 2429
36 0.750000 2697
36 0.781250 2840
36 0.812500 3006
36 0.843750 3311
36 0.875000 3426
36 0.906250 3510
36 0.937500 3467
36 0.968750 3300
37 0.000000 3122
37 0.031250 2948
37 0.062500 2801
37 0.093750 2664
37 0.125000 2566
37 0.156250 2312
37 0.187500 2266
37 0.218750 2461
37 0.250000 2747
37 0.281250 2795
37 0.312500 2900
37 0.343750 2967
37 0.375000 2921
37 0.406250 2828
37 0.437500 2509
37 0.468750 2439
37 0.500000 2337
37 0.531250 2231
37 0.562500 2000
37 0.593750 1923
37 0.625000 1873
37 0.656250 2104
37 0.687500 2255
37 0.718750 2436
37 0.750000 2676
37 0.781250 2795
37 0.812500 3136
37 0.843750 3244
37 0.875000 3184
37 0.906250 3444
37 0.937500 3405
37 0.968750 3262
38 0.000000 3144
38 0.031250 2959
38 0.062500 2799
38 0.093750 2681
38 0.125000 2415
38 0.156250 2276
38 0.187500 2266
38 0.218750 2514
38 0.250000 2706
38 0.281250 2737
38 0.312500 2736
38 0.343750 2801
38 0.375000 2755
38 0.406250 2688
38 0.437500 2432
38 0.468750 2369
38 0.500000 2313
38 0.531250 2097
38 0.562500 1954
38 0.593750 1829
38 0.625000 1956
38 0.656250 1893
38 0.687500 2170
38 0.718750 2404
38 0.750000 2618
38 0.781250 2818
38 0.812500 2949
38 0.843750 3186
38 0.875000 3366
38 0.906250 3386
38 0.937500 3438
38 0.968750 3333
39 0.000000 3101
39 0.031250 2912
39 0.062500 2873
39 0.093750 2561
39 0.125000 2370
39 0.156250 2254
39 0.187500 2377
39 0.218750 2393
39 0.250000 2520
39 0.281250 2721
39 0.312500 2705
39 0.343750 2686
39 0.375000 2696
39 0.406250 2571
39 0.437500 2386
39 0.468750 2285
39 0.500000 2141
39 0.531250 2018
39 0.562500 1967
39 0.593750 1805
39 0.625000 1786
39 0.656250 1940
39 0.687500 2068
39 0.718750 2343
39 0.750000 2601
39 0.781250 2804
39 0.812500 3041
39 0.843750 3342
39 0.875000 3234
39 0.906250 3282
39 0.937500 3321
39 0.968750 3262
40 0.000000 3047
40 0.031250 2881
40 0.062500 2737
40 0.093750 2470
40 0.125000 2253
40 0.156250 2170
40 0.187500 2176
40 0.218750 2322
40 0.250000 2484
40 0.281250 2604
40 0.312500 2784
40 0.343750 2651
40 0.375000 2594
40 0.406250 2402
40 0.437500 2314
40 0.468750 2211
40 0.500000 2084
40 0.531250 1992
40 0.562500 1793
40 0.593750 1659
40 0.625000 1732
40 0.656250 1878
40 0.687500 2097
40 0.718750 2306
40 0.750000 2560
40 0.781250 2825
40 0.812500 2966
40 0.843750 3216
40 0.875000 3268
40 0.906250 3396
40 0.937500 3206
40 0.968750 3325
41 0.000000 3137
41 0.031250 2905
41 0.062500 2660
41 0.093750 2437
41 0.125000 2264
41 0.156250 2260
41 0.187500 2243
41 0.218750 2283
41 0.250000 2465
41 0.281250 2609
41 0.312500 2556
41 0.343750 2527
41 0.375000 2516
41 0.406250 2352
41 0.437500 2258
41 0.468750 2139
41 0.500000 1984
41 0.531250 1893
41 0.562500 1693
41 0.593750 1608
41 0.625000 1649
41 0.656250 1766
41 0.687500 1998
41 0.718750 2292
41 0.750000 2528
41 0.781250 2758
41 0.812500 2994
41 0.843750 3082
41 0.875000 3192
41 0.906250 3295
41 0.937500 3280
41 0.968750 3187
42 0.000000 2915
42 0.031250 2786
42 0.062500 2622
42 0.093750 2464
42 0.125000 2218
42 0.156250 2121
42 0.187500 2156
42 0.218750 2293
42 0.250000 2298
42 0.281250 2557
42 0.312500 2520
42 0.343750 2450
42 0.375000 2294
42 0.406250 2249
42 0.437500 2107
42 0.468750 2053
42 0.500000 1902
42 0.531250 1865
42 0.562500 1622
42 0.593750 1551
42 0.625000 1663
42 0.656250 1797
42 0.687500 2019
42 0.718750 2234
42 0.750000 2465
42 0.781250 2750
42 0.812500 2857
42 0.843750 3194
42 0.875000 3179
42 0.906250 3276
42 0.937500 3135
42 0.968750 3064
43 0.000000 3052
43 0.031250 2818
43 0.062500 2561
43 0.093750 2396
43 0.125000 2226
43 0.156250 2022
43 0.187500 2070
43 0.218750 2193
43 0.250000 2147
43 0.281250 2417
43 0.312500 2380
43 0.343750 2402
43 0.375000 2264
43 0.406250 2208
43 0.437500 2109
43 0.468750 1985
43 0.500000 1883
43 0.531250 1735
43 0.562500 1589
43 0.593750 1505
43 0.625000 1545
43 0.656250 1755
43 0.687500 1898
43 0.718750 2229
43 0.750000 2491
43 0.781250 2738
43 0.812500 2968
43 0.843750 3192
43 0.875000 3179
43 0.906250 3196
43 0.937500 3190
43 0.968750 3084
44 0.000000 2946
44 0.031250 2805
44 0.062500 2569
44 0.093750 2415
44 0.125000 2150
44 0.156250 2002
44 0.187500 2066
44 0.218750 2154
44 0.250000 2249
44 0.281250 2236
44 0.312500 2300
44 0.343750 2274
44 0.375000 2239
44 0.406250 2005
44 0.437500 1936
44 0.468750 2006
44 0.500000 1800
44 0.531250 1704
44 0.562500 1510
44 0.593750 1483
44 0.625000 1544
44 0.656250 1683
44 0.687500 1912
44 0.718750 2233
44 0.750000 2358
44 0.781250 2691
44 0.812500 2898
44 0.843750 3034
44 0.875000 3081
44 0.906250 3180
44 0.937500 3185
44 0.968750 3065
45 0.000000 2865
45 0.031250 2667
45 0.062500 2529
45 0.093750 2393
45 0.125000 2173
45 0.156250 2024
45 0.187500 1929
45 0.218750 2057
45 0.250000 2099
45 0.281250 2345
45 0.312500 2314
45 0.343750 2204
45 0.375000 2207
45 0.406250 2047
45 0.437500 1851
45 0.468750 1854
45 0.500000 1693
45 0.531250 1596
45 0.562500 1561
45 0.593750 1427
45 0.625000 1475
45 0.656250 1571
45 0.687500 1929
45 0.718750 2124
45 0.750000 2420
45 0.781250 2609
45 0.812500 2770
45 0.843750 3141
45 0.875000 3056
45 0.906250 3189
45 0.937500 3109
45 0.968750 3083
46 0.000000 2862
46 0.031250 2665
46 0.062500 2534
46 0.093750 2371
46 0.125000 2208
46 0.156250 1995
46 0.187500 1983
46 0.218750 2043
46 0.250000 2075
46 0.281250 2204
46 0.312500 2172
46 0.343750 2096
46 0.375000 2018
46 0.406250 1930
46 0.437500 1790
46 0.468750 1711
46 0.500000 1656
46 0.531250 1556
46 0.562500 1452
46 0.593750 1384
46 0.625000 1492
46 0.656250 1640
46 0.687500 1773
46 0.718750 2136
46 0.750000 2254
46 0.781250 2560
46 0.812500 2778
46 0.843750 3033
46 0.875000 3032
46 0.906250 3130
46 0.937500 3115
46 0.968750 2863
47 0.000000 2869
47 0.031250 2589
47 0.062500 2412
47 0.093750 2330
47 0.125000 2008
47 0.156250 1900
47 0.187500 1961
47 0.218750 1970
47 0.250000 2088
47 0.281250 2085
47 0.312500 2072
47 0.343750 2059
47 0.375000 1947
47 0.406250 1797
47 0.437500 1738
47 0.468750 1650
47 0.500000 1627
47 0.531250 1461
47 0.562500 1349
47 0.593750 1310
47 0.625000 1344
47 0.656250 1675
47 0.687500 1825
47 0.718750 2054
47 0.750000 2245
47 0.781250 2568
47 0.812500 2742
47 0.843750 2949
47 0.875000 2987
47 0.906250 3042
47 0.937500 3007
47 0.968750 2896
48 0.000000 2700
48 0.031250 2526
48 0.062500 2318
48 0.093750 2253
48 0.125000 2117
48 0.156250 1923
48 0.187500 1814
48 0.218750 1939
48 0.250000 2000
48 0.281250 2051
48 0.312500 2042
48 0.343750 1999
48 0.375000 1883
48 0.406250 1689
48 0.437500 1662
48 0.468750 1648
48 0.500000 1442
48 0.531250 1364
48 0.562500 1339
48 0.593750 1236
48 0.625000 1363
48 0.656250 1509
48 0.687500 1738
48 0.718750 1962
48 0.750000 2270
48 0.781250 2461
48 0.812500 2695
48 0.843750 2782
48 0.875000 3044
48 0.906250 2918
48 0.937500 2842
48 0.968750 2795
49 0.000000 2617
49 0.031250 2441
49 0.062500 2425
49 0.093750 2222
49 0.125000 2005
49 0.156250 1840
49 0.187500 1819
49 0.218750 1838
49 0.250000 1872
49 0.281250 1916
49 0.312500 1855
49 0.343750 1887
49 0.375000 1691
49 0.406250 1685
49 0.437500 1563
49 0.468750 1417
49 0.500000 1399
49 0.531250 1324
49 0.562500 1261
49 0.593750 1187
49 0.625000 1293
49 0.656250 1502
49 0.687500 1660
49 0.718750 1965
49 0.750000 2286
49 0.781250 2450
49 0.812500 2734
49 0.843750 2791
49 0.875000 2805
49 0.906250 2973
49 0.937500 2856
49 0.968750 2697
50 0.000000 2512
50 0.031250 2392
50 0.062500 2142
50 0.093750 2099
50 0.125000 1933
50 0.156250 1810
50 0.187500 1821
50 0.218750 1733
50 0.250000 1815
50 0.281250 1837
50 0.312500 1834
50 0.343750 1714
50 0.375000 1722
50 0.406250 1627
50 0.437500 1365
50 0.468750 1427
50 0.500000 1384
50 0.531250 1241
50 0.562500 1128
50 0.593750 1166
50 0.625000 1190
50 0.656250 1377
50 0.687500 1586
50 0.718750 1891
50 0.750000 2075
50 0.781250 2361
50 0.812500 2542
50 0.843750 2676
50 0.875000 2813
50 0.906250 2817
50 0.937500 2825
50 0.968750 2675
51 0.000000 2472
51 0.031250 2250
51 0.062500 2059
51 0.093750 1949
51 0.125000 1752
51 0.156250 1708
51 0.187500 1674
51 0.218750 1668
51 0.250000 1703
51 0.281250 1657
51 0.312500 1731
51 0.343750 1688
51 0.375000 1639
51 0.406250 1444
51 0.437500 1393
51 0.468750 1338
51 0.500000 1209
51 0.531250 1148
51 0.562500 1051
51 0.593750 1105
51 0.625000 1132
51 0.656250 1404
51 0.687500 1575
51 0.718750 1826
51 0.750000 2086
51 0.781250 2308
51 0.812500 2379
51 0.843750 2506
51 0.875000 2665
51 0.906250 2588
51 0.937500 2626
51 0.968750 2576
52 0.000000 2338
52 0.031250 2140
52 0.062500 1971
52 0.093750 1920
52 0.125000 1729
52 0.156250 1622
52 0.187500 1564
52 0.218750 1626
52 0.250000 1638
52 0.281250 1657
52 0.312500 1584
52 0.343750 1564
52 0.375000 1524
52 0.406250 1451
52 0.437500 1260
52 0.468750 1244
52 0.500000 1211
52 0.531250 1117
52 0.562500 1120
52 0.593750 1081
52 0.625000 1130
52 0.656250 1304
52 0.687500 1502
52 0.718750 1723
52 0.750000 1906
52 0.781250 2169
52 0.812500 2292
52 0.843750 2573
52 0.875000 2630
52 0.906250 2549
52 0.937500 2481
52 0.968750 2363
53 0.000000 2186
53 0.031250 2059
53 0.062500 1912
53 0.093750 1831
53 0.125000 1704
53 0.156250 1522
53 0.187500 1428
53 0.218750 1497
53 0.250000 1520
53 0.281250 1558
53 0.312500 1486
53 0.343750 1431
53 0.375000 1455
53 0.406250 1291
53 0.437500 1212
53 0.468750 1191
53 0.500000 1129
53 0.531250 1047
53 0.562500 960
53 0.593750 977
53 0.625000 1020
53 0.656250 1220
53 0.687500 1415
53 0.718750 1623
53 0.750000 1881
53 0.781250 2114
53 0.812500 2206
53 0.843750 2349
53 0.875000 2448
53 0.906250 2444
53 0.937500 2379
53 0.968750 2394
54 0.000000 2129
54 0.031250 1959
54 0.062500 1846
54 0.093750 1729
54 0.125000 1591
54 0.156250 1456
54 0.187500 1461
54 0.218750 1413
54 0.250000 1434
54 0.281250 1479
54 0.312500 1421
54 0.343750 1433
54 0.375000 1348
54 0.406250 1190
54 0.437500 1195
54 0.468750 1037
54 0.500000 1027
54 0.531250 995
54 0.562500 883
54 0.593750 924
54 0.625000 1043
54 0.656250 1137
54 0.687500 1377
54 0.718750 1629
54 0.750000 1838
54 0.781250 1913
54 0.812500 2117
54 0.843750 2293
54 0.875000 2341
54 0.906250 2380
54 0.937500 2290
54 0.968750 2253
55 0.000000 2047
55 0.031250 1857
55 0.062500 1752
55 0.093750 1616
55 0.125000 1444
55 0.156250 1363
55 0.187500 1398
55 0.218750 1373
55 0.250000 1421
55 0.281250 1438
55 0.312500 1358
55 0.343750 1291
55 0.375000 1227
55 0.406250 1151
55 0.437500 1061
55 0.468750 1035
55 0.500000 999
55 0.531250 1008
55 0.562500 888
55 0.593750 907
55 0.625000 995
55 0.656250 1109
55 0.687500 1305
55 0.718750 1533
55 0.750000 1747
55 0.781250 1896
55 0.812500 2032
55 0.843750 2222
55 0.875000 2198
55 0.906250 2254
55 0.937500 2165
55 0.968750 2136
56 0.000000 1984
56 0.031250 1792
56 0.062500 1685
56 0.093750 1507
56 0.125000 1487
56 0.156250 1348
56 0.187500 1320
56 0.218750 1293
56 0.250000 1304
56 0.281250 1266
56 0.312500 1287
56 0.343750 1248
56 0.375000 1220
56 0.406250 1062
56 0.437500 963
56 0.468750 1007
56 0.500000 1008
56 0.531250 861
56 0.562500 837
56 0.593750 866
56 0.625000 908
56 0.656250 1093
56 0.687500 1299
56 0.718750 1492
56 0.750000 1654
56 0.781250 1801
56 0.812500 1987
56 0.843750 2117
56 0.875000 2130
56 0.906250 2179
56 0.937500 2062
56 0.968750 2040
57 0.000000 1883
57 0.031250 1666
57 0.062500 1679
57 0.093750 1462
57 0.125000 1303
57 0.156250 1290
57 0.187500 1259
57 0.218750 1293
57 0.250000 1255
57 0.281250 1193
57 0.312500 1237
57 0.343750 1164
57 0.375000 1060
57 0.406250 1026
57 0.437500 974
57 0.468750 915
57 0.500000 926
57 0.531250 889
57 0.562500 764
57 0.593750 781
57 0.625000 871
57 0.656250 1062
57 0.687500 1243
57 0.718750 1378
57 0.750000 1574
57 0.781250 1846
57 0.812500 1984
57 0.843750 2047
57 0.875000 2028
57 0.906250 2048
57 0.937500 2048
57 0.968750 1932
58 0.000000 1800
58 0.031250 1655
58 0.062500 1543
58 0.093750 1474
58 0.125000 1373
58 0.156250 1234
58 0.187500 1169
58 0.218750 1199
58 0.250000 1215
58 0.281250 1179
58 0.312500 1183
58 0.343750 1099
58 0.375000 1026
58 0.406250 1009
58 0.437500 925
58 0.468750 917
58 0.500000 889
58 0.531250 781
58 0.562500 811
58 0.593750 809
58 0.625000 878
58 0.656250 1006
58 0.687500 1165
58 0.718750 1367
58 0.750000 1500
58 0.781250 1739
58 0.812500 1792
58 0.843750 2020
58 0.875000 2030
58 0.906250 2046
58 0.937500 1957
58 0.968750 1899
59 0.000000 1743
59 0.031250 1664
59 0.062500 1551
59 0.093750 1467
59 0.125000 1316
59 0.156250 1205
59 0.187500 1200
59 0.218750 1124
59 0.250000 1134
59 0.281250 1104
59 0.312500 1117
59 0.343750 1050
59 0.375000 1045
59 0.406250 934
59 0.437500 887
59 0.468750 880
59 0.500000 782
59 0.531250 812
59 0.562500 764
59 0.593750 801
59 0.625000 831
59 0.656250 1023
59 0.687500 1172
59 0.718750 1275
59 0.750000 1544
59 0.781250 1669
59 0.812500 1846
59 0.843750 1861
59 0.875000 1918
59 0.906250 1899
59 0.937500 1909
59 0.968750 1913
60 0.000000 1666
60 0.031250 1587
60 0.062500 1492
60 0.093750 1330
60 0.125000 1256
60 0.156250 1206
60 0.187500 1118
60 0.218750 1132
60 0.250000 1132
60 0.281250 1135
60 0.312500 1101
60 0.343750 1026
60 0.375000 987
60 0.406250 903
60 0.437500 836
60 0.468750 772
60 0.500000 762
60 0.531250 756
60 0.562500 723
60 0.593750 779
60 0.625000 807
60 0.656250 988
60 0.687500 1111
60 0.718750 1343
60 0.750000 1471
60 0.781250 1676
60 0.812500 1747
60 0.843750 1871
60 0.875000 1893
60 0.906250 1903
60 0.937500 1884
60 0.968750 1785
61 0.000000 1626
61 0.031250 1592
61 0.062500 1455
61 0.093750 1332
61 0.125000 1174
61 0.156250 1113
61 0.187500 1088
61 0.218750 1058
61 0.250000 1087
61 0.281250 1099
61 0.312500 1015
61 0.343750 975
61 0.375000 959
61 0.406250 904
61 0.437500 885
61 0.468750 850
61 0.500000 771
61 0.531250 726
61 0.562500 753
61 0.593750 693
61 0.625000 761
61 0.656250 923
61 0.687500 1127
61 0.718750 1273
61 0.750000 1420
61 0.781250 1635
61 0.812500 1782
61 0.843750 1868
61 0.875000 1804
61 0.906250 1951
61 0.937500 1886
61 0.968750 1703
62 0.000000 1631
62 0.031250 1477
62 0.062500 1381
62 0.093750 1266
62 0.125000 1213
62 0.156250 1135
62 0.187500 1093
62 0.218750 1158
62 0.250000 1014
62 0.281250 1008
62 0.312500 1071
62 0.343750 1005
62 0.375000 887
62 0.406250 835
62 0.437500 740
62 0.468750 751
62 0.500000 767
62 0.531250 730
62 0.562500 673
62 0.593750 660
62 0.625000 765
62 0.656250 888
62 0.687500 1044
62 0.718750 1236
62 0.750000 1412
62 0.781250 1538
62 0.812500 1622
62 0.843750 1737
62 0.875000 1888
62 0.906250 1840
62 0.937500 1716
62 0.968750 1678
63 0.000000 1521
63 0.031250 1415
63 0.062500 1429
63 0.093750 1254
63 0.125000 1114
63 0.156250 1140
63 0.187500 1081
63 0.218750 998
63 0.250000 970
63 0.281250 995
63 0.312500 937
63 0.343750 987
63 0.375000 890
63 0.406250 804
63 0.437500 787
63 0.468750 726
63 0.500000 694
63 0.531250 700
63 0.562500 655
63 0.593750 663
63 0.625000 754
63 0.656250 899
63 0.687500 1034
63 0.718750 1245
63 0.750000 1395
63 0.781250 1510
63 0.812500 1681
63 0.843750 1644
63 0.875000 1741
63 0.906250 1808
63 0.937500 1680
63 0.968750 1607
64 0.000000 1552
64 0.031250 1412
64 0.062500 1287
64 0.093750 1182
64 0.125000 1173
64 0.156250 1048
64 0.187500 1002
64 0.218750 964
64 0.250000 1026
64 0.281250 962
64 0.312500 928
64 0.343750 874
64 0.375000 833
64 0.406250 764
64 0.437500 726
64 0.468750 726
64 0.500000 716
64 0.531250 710
64 0.562500 689
64 0.593750 666
64 0.625000 746
64 0.656250 800
64 0.687500 1006
64 0.718750 1157
64 0.750000 1370
64 0.781250 1469
64 0.812500 1588
64 0.843750 1607
64 0.875000 1707
64 0.906250 1644
64 0.937500 1619
64 0.968750 1621
65 0.000000 1364
65 0.031250 1367
65 0.062500 1220
65 0.093750 1233
65 0.125000 1123
65 0.156250 969
65 0.187500 1004
65 0.218750 990
65 0.250000 915
65 0.281250 993
65 0.312500 922
65 0.343750 833
65 0.375000 812
65 0.406250 768
65 0.437500 741
65 0.468750 709
65 0.500000 680
65 0.531250 640
65 0.562500 637
65 0.593750 605
65 0.625000 738
65 0.656250 833
65 0.687500 986
65 0.718750 1182
65 0.750000 1288
65 0.781250 1472
65 0.812500 1499
65 0.843750 1638
65 0.875000 1668
65 0.906250 1632
65 0.937500 1624
65 0.968750 1527
66 0.000000 1440
66 0.031250 1405
66 0.062500 1230
66 0.093750 1142
66 0.125000 1046
66 0.156250 1039
66 0.187500 919
66 0.218750 952
66 0.250000 951
66 0.281250 930
66 0.312500 813
66 0.343750 799
66 0.375000 777
66 0.406250 742
66 0.437500 703
66 0.468750 687
66 0.500000 632
66 0.531250 609
66 0.562500 623
66 0.593750 601
66 0.625000 694
66 0.656250 801
66 0.687500 957
66 0.718750 1120
66 0.750000 1298
66 0.781250 1396
66 0.812500 1465
66 0.843750 1573
66 0.875000 1602
66 0.906250 1599
66 0.937500 1654
66 0.968750 1458
67 0.000000 1326
67 0.031250 1295
67 0.062500 1145
67 0.093750 1126
67 0.125000 1012
67 0.156250 950
67 0.187500 969
67 0.218750 917
67 0.250000 866
67 0.281250 891
67 0.312500 798
67 0.343750 854
67 0.375000 736
67 0.406250 686
67 0.437500 665
67 0.468750 658
67 0.500000 606
67 0.531250 563
67 0.562500 545
67 0.593750 647
67 0.625000 682
67 0.656250 796
67 0.687500 878
67 0.718750 1106
67 0.750000 1221
67 0.781250 1312
67 0.812500 1433
67 0.843750 1518
67 0.875000 1542
67 0.906250 1614
67 0.937500 1530
67 0.968750 1439
68 0.000000 1296
68 0.031250 1279
68 0.062500 1141
68 0.093750 1127
68 0.125000 990
68 0.156250 952
68 0.187500 946
68 0.218750 906
68 0.250000 844
68 0.281250 817
68 0.312500 772
68 0.343750 733
68 0.375000 762
68 0.406250 669
68 0.437500 686
68 0.468750 641
68 0.500000 626
68 0.531250 654
68 0.562500 558
68 0.593750 583
68 0.625000 665
68 0.656250 801
68 0.687500 889
68 0.718750 1081
68 0.750000 1182
68 0.781250 1320
68 0.812500 1465
68 0.843750 1434
68 0.875000 1484
68 0.906250 1528
68 0.937500 1435
68 0.968750 1406
69 0.000000 1300
69 0.031250 1269
69 0.062500 1103
69 0.093750 1040
69 0.125000 932
69 0.156250 947
69 0.187500 914
69 0.218750 832
69 0.250000 875
69 0.281250 768
69 0.312500 823
69 0.343750 732
69 0.375000 710
69 0.406250 676
69 0.437500 663
69 0.468750 572
69 0.500000 611
69 0.531250 617
69 0.562500 601
69 0.593750 607
69 0.625000 651
69 0.656250 777
69 0.687500 892
69 0.718750 1002
69 0.750000 1176
69 0.781250 1275
69 0.812500 1350
69 0.843750 1478
69 0.875000 1449
69 0.906250 1465
69 0.937500 1390
69 0.968750 1382
70 0.000000 1239
70 0.031250 1216
70 0.062500 1089
70 0.093750 1020
70 0.125000 960
70 0.156250 885
70 0.187500 861
70 0.218750 774
70 0.250000 809
70 0.281250 751
70 0.312500 753
70 0.343750 776
70 0.375000 678
70 0.406250 583
70 0.437500 587
70 0.468750 597
70 0.500000 567
70 0.531250 557
70 0.562500 552
70 0.593750 572
70 0.625000 661
70 0.656250 766
70 0.687500 883
70 0.718750 1020
70 0.750000 1158
70 0.781250 1245
70 0.812500 1328
70 0.843750 1400
70 0.875000 1429
70 0.906250 1407
70 0.937500 1367
70 0.968750 1316
71 0.000000 1223
71 0.031250 1130
71 0.062500 1061
71 0.093750 978
71 0.125000 873
71 0.156250 863
71 0.187500 773
71 0.218750 797
71 0.250000 751
71 0.281250 773
71 0.312500 699
71 0.343750 697
71 0.375000 650
71 0.406250 621
71 0.437500 610
71 0.468750 584
71 0.500000 596
71 0.531250 560
71 0.562500 562
71 0.593750 610
71 0.625000 612
71 0.656250 731
71 0.687500 817
71 0.718750 1002
71 0.750000 1108
71 0.781250 1178
71 0.812500 1254
71 0.843750 1283
71 0.875000 1377
71 0.906250 1360
71 0.937500 1311
71 0.968750 1264
72 0.000000 1154
72 0.031250 1031
72 0.062500 996
72 0.093750 929
72 0.125000 836
72 0.156250 858
72 0.187500 788
72 0.218750 718
72 0.250000 751
72 0.281250 726
72 0.312500 689
72 0.343750 707
72 0.375000 618
72 0.406250 589
72 0.437500 589
72 0.468750 531
72 0.500000 536
72 0.531250 529
72 0.562500 510
72 0.593750 564
72 0.625000 614
72 0.656250 686
72 0.687500 826
72 0.718750 929
72 0.750000 1032
72 0.781250 1219
72 0.812500 1297
72 0.843750 1236
72 0.875000 1379
72 0.906250 1317
72 0.937500 1182
72 0.968750 1219
73 0.000000 1077
73 0.031250 1051
73 0.062500 1011
73 0.093750 943
73 0.125000 925
73 0.156250 803
73 0.187500 805
73 0.218750 741
73 0.250000 690
73 0.281250 734
73 0.312500 707
73 0.343750 638
73 0.375000 635
73 0.406250 599
73 0.437500 526
73 0.468750 572
73 0.500000 535
73 0.531250 532
73 0.562500 525
73 0.593750 534
73 0.625000 603
73 0.656250 667
73 0.687500 842
73 0.718750 884
73 0.750000 1041
73 0.781250 1128
73 0.812500 1267
73 0.843750 1283
73 0.875000 1296
73 0.906250 1266
73 0.937500 1274
73 0.968750 1154
74 0.000000 1054
74 0.031250 997
74 0.062500 971
74 0.093750 898
74 0.125000 860
74 0.156250 720
74 0.187500 781
74 0.218750 679
74 0.250000 706
74 0.281250 676
74 0.312500 660
74 0.343750 632
74 0.375000 577
74 0.406250 614
74 0.437500 599
74 0.468750 525
74 0.500000 529
74 0.531250 496
74 0.562500 524
74 0.593750 481
74 0.625000 541
74 0.656250 673
74 0.687500 789
74 0.718750 819
74 0.750000 990
74 0.781250 1055
74 0.812500 1144
74 0.843750 1180
74 0.875000 1234
74 0.906250 1147
74 0.937500 1153
74 0.968750 1108
75 0.000000 1020
75 0.031250 989
75 0.062500 871
75 0.093750 846
75 0.125000 750
75 0.156250 712
75 0.187500 711
75 0.218750 727
75 0.250000 653
75 0.281250 625
75 0.312500 636
75 0.343750 620
75 0.375000 568
75 0.406250 571
75 0.437500 520
75 0.468750 539
75 0.500000 537
75 0.531250 526
75 0.562500 510
75 0.593750 441
75 0.625000 575
75 0.656250 644
75 0.687500 690
75 0.718750 849
75 0.750000 932
75 0.781250 1095
75 0.812500 1136
75 0.843750 1195
75 0.875000 1186
75 0.906250 1208
75 0.937500 1115
75 0.968750 1038
76 0.000000 960
76 0.031250 985
76 0.062500 884
76 0.093750 825
76 0.125000 743
76 0.156250 738
76 0.187500 662
76 0.218750 656
76 0.250000 614
76 0.281250 661
76 0.312500 647
76 0.343750 617
76 0.375000 582
76 0.406250 517
76 0.437500 494
76 0.468750 488
76 0.500000 494
76 0.531250 476
76 0.562500 504
76 0.593750 502
76 0.625000 588
76 0.656250 635
76 0.687500 738
76 0.718750 816
76 0.750000 913
76 0.781250 1047
76 0.812500 1096
76 0.843750 1149
76 0.875000 1149
76 0.906250 1148
76 0.937500 1096
76 0.968750 1076
77 0.000000 980
77 0.031250 872
77 0.062500 817
77 0.093750 762
77 0.125000 766
77 0.156250 721
77 0.187500 615
77 0.218750 633
77 0.250000 652
77 0.281250 576
77 0.312500 611
77 0.343750 567
77 0.375000 603
77 0.406250 505
77 0.437500 490
77 0.468750 492
77 0.500000 489
77 0.531250 510
77 0.562500 522
77 0.593750 471
77 0.625000 540
77 0.656250 615
77 0.687500 719
77 0.718750 810
77 0.750000 871
77 0.781250 985
77 0.812500 1039
77 0.843750 1116
77 0.875000 1074
77 0.906250 1105
77 0.937500 1035
77 0.968750 1024
78 0.000000 892
78 0.031250 903
78 0.062500 845
78 0.093750 771
78 0.125000 726
78 0.156250 692
78 0.187500 670
78 0.218750 640
78 0.250000 623
78 0.281250 591
78 0.312500 581
78 0.343750 524
78 0.375000 560
78 0.406250 515
78 0.437500 517
78 0.468750 487
78 0.500000 473
78 0.531250 457
78 0.562500 488
78 0.593750 476
78 0.625000 502
78 0.656250 590
78 0.687500 688
78 0.718750 758
78 0.750000 853
78 0.781250 908
78 0.812500 1026
78 0.843750 1049
78 0.875000 1118
78 0.906250 991
78 0.937500 1033
78 0.968750 969
79 0.000000 888
79 0.031250 861
79 0.062500 791
79 0.093750 722
79 0.125000 667
79 0.156250 670
79 0.187500 641
79 0.218750 601
79 0.250000 589
79 0.281250 593
79 0.312500 561
79 0.343750 539
79 0.375000 541
79 0.406250 504
79 0.437500 485
79 0.468750 492
79 0.500000 464
79 0.531250 463
79 0.562500 445
79 0.593750 485
79 0.625000 506
79 0.656250 609
79 0.687500 654
79 0.718750 755
79 0.750000 851
79 0.781250 923
79 0.812500 1009
79 0.843750 1028
79 0.875000 1049
79 0.906250 1001
79 0.937500 993
79 0.968750 900
80 0.000000 833
80 0.031250 804
80 0.062500 726
80 0.093750 728
80 0.125000 690
80 0.156250 684
80 0.187500 582
80 0.218750 569
80 0.250000 526
80 0.281250 559
80 0.312500 557
80 0.343750 505
80 0.375000 478
80 0.406250 479
80 0.437500 496
80 0.468750 456
80 0.500000 495
80 0.531250 480
80 0.562500 444
80 0.593750 430
80 0.625000 504
80 0.656250 512
80 0.687500 680
80 0.718750 725
80 0.750000 795
80 0.781250 905
80 0.812500 916
80 0.843750 943
80 0.875000 1003
80 0.906250 989
80 0.937500 956
80 0.968750 919
81 0.000000 820
81 0.031250 790
81 0.062500 711
81 0.093750 696
81 0.125000 653
81 0.156250 615
81 0.187500 600
81 0.218750 567
81 0.250000 551
81 0.281250 559
81 0.312500 523
81 0.343750 562
81 0.375000 476
81 0.406250 465
81 0.437500 444
81 0.468750 476
81 0.500000 442
81 0.531250 434
81 0.562500 426
81 0.593750 432
81 0.625000 484
81 0.656250 545
81 0.687500 633
81 0.718750 715
81 0.750000 763
81 0.781250 861
81 0.812500 912
81 0.843750 882
81 0.875000 903
81 0.906250 891
81 0.937500 931
81 0.968750 918
82 0.000000 860
82 0.031250 757
82 0.062500 733
82 0.093750 711
82 0.125000 648
82 0.156250 577
82 0.187500 586
82 0.218750 549
82 0.250000 558
82 0.281250 515
82 0.312500 498
82 0.343750 486
82 0.375000 449
82 0.406250 464
82 0.437500 475
82 0.468750 431
82 0.500000 434
82 0.531250 404
82 0.562500 445
82 0.593750 442
82 0.625000 485
82 0.656250 544
82 0.687500 607
82 0.718750 658
82 0.750000 807
82 0.781250 797
82 0.812500 839
82 0.843750 965
82 0.875000 880
82 0.906250 892
82 0.937500 869
82 0.968750 849
83 0.000000 761
83 0.031250 666
83 0.062500 676
83 0.093750 661
83 0.125000 620
83 0.156250 585
83 0.187500 552
83 0.218750 534
83 0.250000 493
83 0.281250 532
83 0.312500 532
83 0.343750 464
83 0.375000 501
83 0.406250 432
83 0.437500 442
83 0.468750 426
83 0.500000 432
83 0.531250 422
83 0.562500 434
83 0.593750 423
83 0.625000 489
83 0.656250 507
83 0.687500 564
83 0.718750 660
83 0.750000 710
83 0.781250 787
83 0.812500 895
83 0.843750 867
83 0.875000 920
83 0.906250 858
83 0.937500 837
83 0.968750 810
84 0.000000 759
84 0.031250 768
84 0.062500 704
84 0.093750 601
84 0.125000 621
84 0.156250 581
84 0.187500 549
84 0.218750 555
84 0.250000 484
84 0.281250 509
84 0.312500 485
84 0.343750 504
84 0.375000 461
84 0.406250 453
84 0.437500 387
84 0.468750 438
84 0.500000 395
84 0.531250 418
84 0.562500 413
84 0.593750 433
84 0.625000 420
84 0.656250 537
84 0.687500 562
84 0.718750 633
84 0.750000 678
84 0.781250 764
84 0.812500 832
84 0.843750 831
84 0.875000 884
84 0.906250 849
84 0.937500 800
84 0.968750 806
85 0.000000 781
85 0.031250 680
85 0.062500 627
85 0.093750 550
85 0.125000 601
85 0.156250 496
85 0.187500 499
85 0.218750 537
85 0.250000 478
85 0.281250 479
85 0.312500 510
85 0.343750 478
85 0.375000 432
85 0.406250 437
85 0.437500 385
85 0.468750 395
85 0.500000 415
85 0.531250 401
85 0.562500 400
85 0.593750 390
85 0.625000 473
85 0.656250 481
85 0.687500 545
85 0.718750 634
85 0.750000 679
85 0.781250 751
85 0.812500 809
85 0.843750 772
85 0.875000 835
85 0.906250 819
85 0.937500 760
85 0.968750 753
86 0.000000 651
86 0.031250 661
86 0.062500 597
86 0.093750 550
86 0.125000 549
86 0.156250 542
86 0.187500 484
86 0.218750 529
86 0.250000 464
86 0.281250 482
86 0.312500 467
86 0.343750 429
86 0.375000 417
86 0.406250 404
86 0.437500 414
86 0.468750 414
86 0.500000 384
86 0.531250 395
86 0.562500 400
86 0.593750 379
86 0.625000 408
86 0.656250 473
86 0.687500 549
86 0.718750 569
86 0.750000 656
86 0.781250 704
86 0.812500 748
86 0.843750 776
86 0.875000 815
86 0.906250 754
86 0.937500 769
86 0.968750 744
87 0.000000 648
87 0.031250 658
87 0.062500 586
87 0.093750 566
87 0.125000 575
87 0.156250 491
87 0.187500 510
87 0.218750 510
87 0.250000 458
87 0.281250 462
87 0.312500 397
87 0.343750 395
87 0.375000 448
87 0.406250 391
87 0.437500 394
87 0.468750 394
87 0.500000 403
87 0.531250 384
87 0.562500 411
87 0.593750 381
87 0.625000 423
87 0.656250 478
87 0.687500 506
87 0.718750 559
87 0.750000 625
87 0.781250 732
87 0.812500 755
87 0.843750 783
87 0.875000 752
87 0.906250 708
87 0.937500 740
87 0.968750 697
88 0.000000 644
88 0.031250 592
88 0.062500 583
88 0.093750 541
88 0.125000 537
88 0.156250 457
88 0.187500 519
88 0.218750 489
88 0.250000 463
88 0.281250 448
88 0.312500 436
88 0.343750 408
88 0.375000 387
88 0.406250 400
88 0.437500 361
88 0.468750 415
88 0.500000 392
88 0.531250 353
88 0.562500 384
88 0.593750 372
88 0.625000 403
88 0.656250 452
88 0.687500 525
88 0.718750 606
88 0.750000 629
88 0.781250 682
88 0.812500 759
88 0.843750 735
88 0.875000 746
88 0.906250 743
88 0.937500 685
88 0.968750 658
89 0.000000 678
89 0.031250 542
89 0.062500 571
89 0.093750 509
89 0.125000 497
89 0.156250 479
89 0.187500 459
89 0.218750 453
89 0.250000 457
89 0.281250 410
89 0.312500 404
89 0.343750 420
89 0.375000 437
89 0.406250 394
89 0.437500 355
89 0.468750 360
89 0.500000 363
89 0.531250 360
89 0.562500 338
89 0.593750 405
89 0.625000 455
89 0.656250 437
89 0.687500 493
89 0.718750 564
89 0.750000 609
89 0.781250 643
89 0.812500 709
89 0.843750 710
89 0.875000 694
89 0.906250 722
89 0.937500 675
89 0.968750 719
90 0.000000 592
90 0.031250 614
90 0.062500 629
90 0.093750 502
90 0.125000 482
90 0.156250 452
90 0.187500 453
90 0.218750 405
90 0.250000 398
90 0.281250 388
90 0.312500 428
90 0.343750 408
90 0.375000 426
90 0.406250 337
90 0.437500 403
90 0.468750 360
90 0.500000 370
90 0.531250 390
90 0.562500 377
90 0.593750 388
90 0.625000 381
90 0.656250 409
90 0.687500 467
90 0.718750 542
90 0.750000 523
90 0.781250 610
90 0.812500 663
90 0.843750 669
90 0.875000 633
90 0.906250 680
90 0.937500 667
90 0.968750 657
91 0.000000 564
91 0.031250 517
91 0.062500 534
91 0.093750 501
91 0.125000 501
91 0.156250 485
91 0.187500 458
91 0.218750 438
91 0.250000 465
91 0.281250 392
91 0.312500 387
91 0.343750 438
91 0.375000 399
91 0.406250 377
91 0.437500 371
91 0.468750 340
91 0.500000 367
91 0.531250 373
91 0.562500 371
91 0.593750 367
91 0.625000 391
91 0.656250 390
91 0.687500 455
91 0.718750 544
91 0.750000 590
91 0.781250 598
91 0.812500 616
91 0.843750 621
91 0.875000 634
91 0.906250 658
91 0.937500 623
91 0.968750 594
92 0.000000 554
92 0.031250 544
92 0.062500 526
92 0.093750 444
92 0.125000 492
92 0.156250 441
92 0.187500 419
92 0.218750 430
92 0.250000 443
92 0.281250 455
92 0.312500 424
92 0.343750 393
92 0.375000 398
92 0.406250 386
92 0.437500 345
92 0.468750 361
92 0.500000 382
92 0.531250 390
92 0.562500 355
92 0.593750 356
92 0.625000 356
92 0.656250 411
92 0.687500 442
92 0.718750 499
92 0.750000 527
92 0.781250 586
92 0.812500 655
92 0.843750 624
92 0.875000 627
92 0.906250 642
92 0.937500 582
92 0.968750 563
93 0.000000 525
93 0.031250 500
93 0.062500 482
93 0.093750 450
93 0.125000 414
93 0.156250 470
93 0.187500 423
93 0.218750 422
93 0.250000 404
93 0.281250 374
93 0.312500 385
93 0.343750 373
93 0.375000 373
93 0.406250 333
93 0.437500 331
93 0.468750 363
93 0.500000 337
93 0.531250 326
93 0.562500 308
93 0.593750 358
93 0.625000 362
93 0.656250 458
93 0.687500 468
93 0.718750 518
93 0.750000 588
93 0.781250 585
93 0.812500 605
93 0.843750 602
93 0.875000 629
93 0.906250 620
93 0.937500 585
93 0.968750 555
94 0.000000 534
94 0.031250 539
94 0.062500 491
94 0.093750 477
94 0.125000 469
94 0.156250 408
94 0.187500 417
94 0.218750 394
94 0.250000 348
94 0.281250 385
94 0.312500 353
94 0.343750 349
94 0.375000 335
94 0.406250 344
94 0.437500 351
94 0.468750 380
94 0.500000 344
94 0.531250 352
94 0.562500 331
94 0.593750 366
94 0.625000 337
94 0.656250 408
94 0.687500 436
94 0.718750 466
94 0.750000 530
94 0.781250 554
94 0.812500 571
94 0.843750 570
94 0.875000 557
94 0.906250 576
94 0.937500 568
94 0.968750 538
95 0.000000 506
95 0.031250 467
95 0.062500 469
95 0.093750 419
95 0.125000 442
95 0.156250 396
95 0.187500 413
95 0.218750 403
95 0.250000 392
95 0.281250 379
95 0.312500 364
95 0.343750 367
95 0.375000 367
95 0.406250 362
95 0.437500 309
95 0.468750 361
95 0.500000 332
95 0.531250 350
95 0.562500 330
95 0.593750 333
95 0.625000 393
95 0.656250 384
95 0.687500 427
95 0.718750 477
95 0.750000 481
95 0.781250 509
95 0.812500 535
95 0.843750 601
95 0.875000 544
95 0.906250 550
95 0.937500 563
95 0.968750 493
96 0.000000 454
96 0.031250 439
96 0.062500 452
96 0.093750 463
96 0.125000 437
96 0.156250 445
96 0.187500 358
96 0.218750 385
96 0.250000 355
96 0.281250 354
96 0.312500 347
96 0.343750 371
96 0.375000 341
96 0.406250 348
96 0.437500 324
96 0.468750 320
96 0.500000 336
96 0.531250 323
96 0.562500 340
96 0.593750 304
96 0.625000 317
96 0.656250 377
96 0.687500 434
96 0.718750 426
96 0.750000 521
96 0.781250 515
96 0.812500 546
96 0.843750 547
96 0.875000 530
96 0.906250 569
96 0.937500 500
96 0.968750 485
97 0.000000 483
97 0.031250 470
97 0.062500 439
97 0.093750 428
97 0.125000 398
97 0.156250 393
97 0.187500 365
97 0.218750 385
97 0.250000 385
97 0.281250 372
97 0.312500 358
97 0.343750 349
97 0.375000 331
97 0.406250 337
97 0.437500 311
97 0.468750 363
97 0.500000 323
97 0.531250 346
97 0.562500 324
97 0.593750 326
97 0.625000 333
97 0.656250 379
97 0.687500 415
97 0.718750 399
97 0.750000 474
97 0.781250 542
97 0.812500 553
97 0.843750 540
97 0.875000 546
97 0.906250 553
97 0.937500 492
97 0.968750 495
98 0.000000 470
98 0.031250 420
98 0.062500 412
98 0.093750 416
98 0.125000 368
98 0.156250 397
98 0.187500 369
98 0.218750 378
98 0.250000 353
98 0.281250 359
98 0.312500 354
98 0.343750 300
98 0.375000 306
98 0.406250 332
98 0.437500 280
98 0.468750 299
98 0.500000 321
98 0.531250 303
98 0.562500 320
98 0.593750 331
98 0.625000 329
98 0.656250 353
98 0.687500 406
98 0.718750 416
98 0.750000 448
98 0.781250 473
98 0.812500 493
98 0.843750 515
98 0.875000 493
98 0.906250 496
98 0.937500 491
98 0.968750 522
99 0.000000 417
99 0.031250 428
99 0.062500 396
99 0.093750 429
99 0.125000 376
99 0.156250 368
99 0.187500 400
99 0.218750 394
99 0.250000 362
99 0.281250 315
99 0.312500 311
99 0.343750 348
99 0.375000 355
99 0.406250 342
99 0.437500 324
99 0.468750 301
99 0.500000 319
99 0.531250 316
99 0.562500 311
99 0.593750 285
99 0.625000 354
99 0.656250 386
99 0.687500 371
99 0.718750 411
99 0.750000 464
99 0.781250 484
99 0.812500 496
99 0.843750 507
99 0.875000 486
99 0.906250 498
99 0.937500 482
99 0.968750 494
100 0.000000 420
100 0.031250 421
100 0.062500 418
100 0.093750 400
100 0.125000 347
100 0.156250 388
100 0.187500 390
100 0.218750 348
100 0.250000 325
100 0.281250 330
100 0.312500 338
100 0.343750 327
100 0.375000 321
100 0.406250 316
100 0.437500 312
100 0.468750 312
100 0.500000 317
100 0.531250 301
100 0.562500 291
100 0.593750 265
100 0.625000 319
100 0.656250 318
100 0.687500 380
100 0.718750 412
100 0.750000 442
100 0.781250 453
100 0.812500 469
100 0.843750 479
100 0.875000 494
100 0.906250 447
100 0.937500 479
100 0.968750 435
101 0.000000 370
101 0.031250 401
101 0.062500 399
101 0.093750 395
101 0.125000 376
101 0.156250 343
101 0.187500 336
101 0.218750 356
101 0.250000 324
101 0.281250 351
101 0.312500 324
101 0.343750 278
101 0.375000 315
101 0.406250 306
101 0.437500 290
101 0.468750 314
101 0.500000 300
101 0.531250 315
101 0.562500 302
101 0.593750 326
101 0.625000 312
101 0.656250 340
101 0.687500 350
101 0.718750 403
101 0.750000 430
101 0.781250 432
101 0.812500 448
101 0.843750 439
101 0.875000 476
101 0.906250 457
101 0.937500 470
101 0.968750 439
102 0.000000 402
102 0.031250 359
102 0.062500 361
102 0.093750 349
102 0.125000 353
102 0.156250 361
102 0.187500 349
102 0.218750 348
102 0.250000 324
102 0.281250 339
102 0.312500 303
102 0.343750 333
102 0.375000 295
102 0.406250 305
102 0.437500 306
102 0.468750 335
102 0.500000 300
102 0.531250 289
102 0.562500 275
102 0.593750 299
102 0.625000 298
102 0.656250 318
102 0.687500 386
102 0.718750 384
102 0.750000 406
102 0.781250 437
102 0.812500 451
102 0.843750 449
102 0.875000 418
102 0.906250 413
102 0.937500 430
102 0.968750 418
103 0.000000 390
103 0.031250 389
103 0.062500 382
103 0.093750 374
103 0.125000 352
103 0.156250 336
103 0.187500 353
103 0.218750 288
103 0.250000 308
103 0.281250 313
103 0.312500 329
103 0.343750 303
103 0.375000 304
103 0.406250 307
103 0.437500 320
103 0.468750 275
103 0.500000 309
103 0.531250 263
103 0.562500 313
103 0.593750 308
103 0.625000 320
103 0.656250 328
103 0.687500 366
103 0.718750 429
103 0.750000 388
103 0.781250 366
103 0.812500 414
103 0.843750 463
103 0.875000 406
103 0.906250 420
103 0.937500 424
103 0.968750 393
104 0.000000 397
104 0.031250 379
104 0.062500 375
104 0.093750 336
104 0.125000 363
104 0.156250 351
104 0.187500 288
104 0.218750 362
104 0.250000 287
104 0.281250 315
104 0.312500 296
104 0.343750 281
104 0.375000 297
104 0.406250 273
104 0.437500 286
104 0.468750 276
104 0.500000 273
104 0.531250 292
104 0.562500 280
104 0.593750 294
104 0.625000 316
104 0.656250 319
104 0.687500 350
104 0.718750 312
104 0.750000 405
104 0.781250 398
104 0.812500 393
104 0.843750 447
104 0.875000 455
104 0.906250 416
104 0.937500 402
104 0.968750 396
105 0.000000 356
105 0.031250 398
105 0.062500 360
105 0.093750 316
105 0.125000 380
105 0.156250 343
105 0.187500 287
105 0.218750 321
105 0.250000 314
105 0.281250 335
105 0.312500 267
105 0.343750 282
105 0.375000 323
105 0.406250 264
105 0.437500 287
105 0.468750 263
105 0.500000 297
105 0.531250 250
105 0.562500 292
105 0.593750 291
105 0.625000 311
105 0.656250 332
105 0.687500 330
105 0.718750 373
105 0.750000 409
105 0.781250 378
105 0.812500 404
105 0.843750 433
105 0.875000 412
105 0.906250 413
105 0.937500 390
105 0.968750 382
106 0.000000 398
106 0.031250 337
106 0.062500 343
106 0.093750 331
106 0.125000 308
106 0.156250 288
106 0.187500 290
106 0.218750 310
106 0.250000 325
106 0.281250 311
106 0.312500 291
106 0.343750 296
106 0.375000 273
106 0.406250 272
106 0.437500 284
106 0.468750 301
106 0.500000 283
106 0.531250 282
106 0.562500 291
106 0.593750 255
106 0.625000 295
106 0.656250 324
106 0.687500 308
106 0.718750 353
106 0.750000 355
106 0.781250 360
106 0.812500 408
106 0.843750 390
106 0.875000 434
106 0.906250 397
106 0.937500 401
106 0.968750 390
107 0.000000 376
107 0.031250 344
107 0.062500 348
107 0.093750 311
107 0.125000 302
107 0.156250 310
107 0.187500 277
107 0.218750 267
107 0.250000 273
107 0.281250 311
107 0.312500 270
107 0.343750 288
107 0.375000 282
107 0.406250 277
107 0.437500 286
107 0.468750 265
107 0.500000 257
107 0.531250 264
107 0.562500 259
107 0.593750 326
107 0.625000 281
107 0.656250 331
107 0.687500 325
107 0.718750 349
107 0.750000 361
107 0.781250 373
107 0.812500 376
107 0.843750 402
107 0.875000 386
107 0.906250 388
107 0.937500 374
107 0.968750 377
108 0.000000 390
108 0.031250 336
108 0.062500 359
108 0.093750 327
108 0.125000 335
108 0.156250 307
108 0.187500 288
108 0.218750 277
108 0.250000 285
108 0.281250 299
108 0.312500 289
108 0.343750 272
108 0.375000 251
108 0.406250 281
108 0.437500 260
108 0.468750 256
108 0.500000 267
108 0.531250 281
108 0.562500 291
108 0.593750 279
108 0.625000 300
108 0.656250 306
108 0.687500 329
108 0.718750 333
108 0.750000 410
108 0.781250 376
108 0.812500 412
108 0.843750 340
108 0.875000 393
108 0.906250 394
108 0.937500 369
108 0.968750 361
109 0.000000 334
109 0.031250 320
109 0.062500 290
109 0.093750 314
109 0.125000 299
109 0.156250 307
109 0.187500 316
109 0.218750 292
109 0.250000 337
109 0.281250 273
109 0.312500 259
109 0.343750 231
109 0.375000 291
109 0.406250 286
109 0.437500 233
109 0.468750 287
109 0.500000 265
109 0.531250 300
109 0.562500 271
109 0.593750 277
109 0.625000 273
109 0.656250 269
109 0.687500 304
109 0.718750 323
109 0.750000 321
109 0.781250 330
109 0.812500 359
109 0.843750 355
109 0.875000 403
109 0.906250 337
109 0.937500 340
109 0.968750 364
110 0.000000 351
110 0.031250 302
110 0.062500 336
110 0.093750 299
110 0.125000 313
110 0.156250 301
110 0.187500 283
110 0.218750 290
110 0.250000 290
110 0.281250 298
110 0.312500 287
110 0.343750 233
110 0.375000 287
110 0.406250 281
110 0.437500 259
110 0.468750 242
110 0.500000 255
110 0.531250 245
110 0.562500 266
110 0.593750 260
110 0.625000 275
110 0.656250 266
110 0.687500 314
110 0.718750 291
110 0.750000 315
110 0.781250 363
110 0.812500 362
110 0.843750 375
110 0.875000 366
110 0.906250 335
110 0.937500 347
110 0.968750 344
111 0.000000 319
111 0.031250 327
111 0.062500 340
111 0.093750 319
111 0.125000 289
111 0.156250 300
111 0.187500 268
111 0.218750 289
111 0.250000 256
111 0.281250 266
111 0.312500 277
111 0.343750 276
111 0.375000 246
111 0.406250 250
111 0.437500 289
111 0.468750 262
111 0.500000 247
111 0.531250 244
111 0.562500 253
111 0.593750 263
111 0.625000 287
111 0.656250 278
111 0.687500 305
111 0.718750 327
111 0.750000 317
111 0.781250 322
111 0.812500 353
111 0.843750 371
111 0.875000 368
111 0.906250 373
111 0.937500 363
111 0.968750 301
112 0.000000 305
112 0.031250 339
112 0.062500 305
112 0.093750 275
112 0.125000 338
112 0.156250 300
112 0.187500 241
112 0.218750 264
112 0.250000 260
112 0.281250 280
112 0.312500 257
112 0.343750 273
112 0.375000 273
112 0.406250 249
112 0.437500 278
112 0.468750 319
112 0.500000 239
112 0.531250 249
112 0.562500 263
112 0.593750 247
112 0.625000 245
112 0.656250 266
112 0.687500 301
112 0.718750 298
112 0.750000 306
112 0.781250 331
112 0.812500 328
112 0.843750 353
112 0.875000 374
112 0.906250 324
112 0.937500 338
112 0.968750 294
113 0.000000 333
113 0.031250 314
113 0.062500 283
113 0.093750 306
113 0.125000 263
113 0.156250 280
113 0.187500 271
113 0.218750 282
113 0.250000 260
113 0.281250 261
113 0.312500 249
113 0.343750 243
113 0.375000 260
113 0.406250 220
113 0.437500 247
113 0.468750 276
113 0.500000 255
113 0.531250 284
113 0.562500 256
113 0.593750 286
113 0.625000 270
113 0.656250 282
113 0.687500 311
113 0.718750 289
113 0.750000 309
113 0.781250 324
113 0.812500 303
113 0.843750 387
113 0.875000 319
113 0.906250 321
113 0.937500 294
113 0.968750 333
114 0.000000 311
114 0.031250 310
114 0.062500 271
114 0.093750 252
114 0.125000 297
114 0.156250 267
114 0.187500 259
114 0.218750 274
114 0.250000 239
114 0.281250 262
114 0.312500 259
114 0.343750 244
114 0.375000 267
114 0.406250 265
114 0.437500 243
114 0.468750 252
114 0.500000 270
114 0.531250 261
114 0.562500 266
114 0.593750 232
114 0.625000 232
114 0.656250 235
114 0.687500 254
114 0.718750 292
114 0.750000 309
114 0.781250 316
114 0.812500 336
114 0.843750 319
114 0.875000 329
114 0.906250 333
114 0.937500 297
114 0.968750 294
115 0.000000 313
115 0.031250 291
115 0.062500 279
115 0.093750 240
115 0.125000 263
115 0.156250 261
115 0.187500 257
115 0.218750 254
115 0.250000 253
115 0.281250 259
115 0.312500 239
115 0.343750 299
115 0.375000 259
115 0.406250 234
115 0.437500 258
115 0.468750 227
115 0.500000 236
115 0.531250 259
115 0.562500 253
115 0.593750 244
115 0.625000 246
115 0.656250 251
115 0.687500 246
115 0.718750 297
115 0.750000 284
115 0.781250 310
115 0.812500 335
115 0.843750 292
115 0.875000 324
115 0.906250 304
115 0.937500 277
115 0.968750 296
116 0.000000 267
116 0.031250 261
116 0.062500 270
116 0.093750 246
116 0.125000 259
116 0.156250 257
116 0.187500 261
116 0.218750 275
116 0.250000 228
116 0.281250 232
116 0.312500 250
116 0.343750 229
116 0.375000 232
116 0.406250 253
116 0.437500 230
116 0.468750 263
116 0.500000 244
116 0.531250 262
116 0.562500 232
116 0.593750 240
116 0.625000 243
116 0.656250 250
116 0.687500 269
116 0.718750 318
116 0.750000 312
116 0.781250 309
116 0.812500 278
116 0.843750 297
116 0.875000 311
116 0.906250 296
116 0.937500 308
116 0.968750 258
117 0.000000 292
117 0.031250 268
117 0.062500 285
117 0.093750 280
117 0.125000 242
117 0.156250 287
117 0.187500 259
117 0.218750 268
117 0.250000 239
117 0.281250 267
117 0.312500 244
117 0.343750 252
117 0.375000 259
117 0.406250 240
117 0.437500 265
117 0.468750 234
117 0.500000 233
117 0.531250 235
117 0.562500 224
117 0.593750 255
117 0.625000 223
117 0.656250 260
117 0.687500 258
117 0.718750 258
117 0.750000 250
117 0.781250 277
117 0.812500 289
117 0.843750 298
117 0.875000 282
117 0.906250 273
117 0.937500 276
117 0.968750 272
118 0.000000 296
118 0.031250 245
118 0.062500 228
118 0.093750 255
118 0.125000 245
118 0.156250 243
118 0.187500 230
118 0.218750 242
118 0.250000 234
118 0.281250 224
118 0.312500 233
118 0.343750 236
118 0.375000 242
118 0.406250 264
118 0.437500 226
118 0.468750 232
118 0.500000 237
118 0.531250 260
118 0.562500 217
118 0.593750 243
118 0.625000 274
118 0.656250 222
118 0.687500 243
118 0.718750 281
118 0.750000 268
118 0.781250 282
118 0.812500 290
118 0.843750 290
118 0.875000 302
118 0.906250 292
118 0.937500 281
118 0.968750 253
119 0.000000 272
119 0.031250 234
119 0.062500 249
119 0.093750 256
119 0.125000 240
119 0.156250 240
119 0.187500 257
119 0.218750 259
119 0.250000 243
119 0.281250 210
119 0.312500 227
119 0.343750 231
119 0.375000 243
119 0.406250 214
119 0.437500 226
119 0.468750 233
119 0.500000 205
119 0.531250 229
119 0.562500 208
119 0.593750 190
119 0.625000 223
119 0.656250 216
119 0.687500 252
119 0.718750 271
119 0.750000 268
119 0.781250 260
119 0.812500 286
119 0.843750 308
119 0.875000 300
119 0.906250 298
119 0.937500 310
119 0.968750 276
120 0.000000 245
120 0.031250 238
120 0.062500 242
120 0.093750 246
120 0.125000 252
120 0.156250 229
120 0.187500 246
120 0.218750 245
120 0.250000 263
120 0.281250 269
120 0.312500 231
120 0.343750 200
120 0.375000 199
120 0.406250 251
120 0.437500 221
120 0.468750 238
120 0.500000 224
120 0.531250 254
120 0.562500 217
120 0.593750 233
120 0.625000 239
120 0.656250 210
120 0.687500 264
120 0.718750 259
120 0.750000 263
120 0.781250 252
120 0.812500 271
120 0.843750 304
120 0.875000 293
120 0.906250 281
120 0.937500 312
120 0.968750 271
121 0.000000 278
121 0.031250 249
121 0.062500 255
121 0.093750 250
121 0.125000 237
121 0.156250 245
121 0.187500 272
121 0.218750 252
121 0.250000 229
121 0.281250 232
121 0.312500 250
121 0.343750 235
121 0.375000 233
121 0.406250 213
121 0.437500 232
121 0.468750 222
121 0.500000 254
121 0.531250 242
121 0.562500 234
121 0.593750 239
121 0.625000 228
121 0.656250 268
121 0.687500 258
121 0.718750 257
121 0.750000 258
121 0.781250 259
121 0.812500 242
121 0.843750 282
121 0.875000 302
121 0.906250 267
121 0.937500 317
121 0.968750 269
122 0.000000 237
122 0.031250 241
122 0.062500 220
122 0.093750 245
122 0.125000 227
122 0.156250 252
122 0.187500 240
122 0.218750 225
122 0.250000 246
122 0.281250 229
122 0.312500 205
122 0.343750 223
122 0.375000 214
122 0.406250 219
122 0.437500 226
122 0.468750 227
122 0.500000 219
122 0.531250 239
122 0.562500 226
122 0.593750 224
122 0.625000 228
122 0.656250 227
122 0.687500 275
122 0.718750 241
122 0.750000 237
122 0.781250 243
122 0.812500 262
122 0.843750 260
122 0.875000 277
122 0.906250 271
122 0.937500 243
122 0.968750 266
123 0.000000 248
123 0.031250 246
123 0.062500 201
123 0.093750 243
123 0.125000 241
123 0.156250 244
123 0.187500 209
123 0.218750 229
123 0.250000 228
123 0.281250 211
123 0.312500 225
123 0.343750 219
123 0.375000 193
123 0.406250 211
123 0.437500 231
123 0.468750 208
123 0.500000 201
123 0.531250 204
123 0.562500 230
123 0.593750 224
123 0.625000 204
123 0.656250 241
123 0.687500 263
123 0.718750 227
123 0.750000 241
123 0.781250 281
123 0.812500 274
123 0.843750 277
123 0.875000 256
123 0.906250 259
123 0.937500 250
123 0.968750 236
124 0.000000 213
124 0.031250 214
124 0.062500 231
124 0.093750 225
124 0.125000 198
124 0.156250 239
124 0.187500 241
124 0.218750 217
124 0.250000 261
124 0.281250 217
124 0.312500 211
124 0.343750 211
124 0.375000 224
124 0.406250 222
124 0.437500 240
124 0.468750 218
124 0.500000 211
124 0.531250 219
124 0.562500 210
124 0.593750 192
124 0.625000 239
124 0.656250 244
124 0.687500 232
124 0.718750 256
124 0.750000 260
124 0.781250 230
124 0.812500 232
124 0.843750 249
124 0.875000 243
124 0.906250 263
124 0.937500 236
124 0.968750 245
125 0.000000 224
125 0.031250 228
125 0.062500 256
125 0.093750 230
125 0.125000 237
125 0.156250 229
125 0.187500 222
125 0.218750 218
125 0.250000 228
125 0.281250 226
125 0.312500 217
125 0.343750 248
125 0.375000 206
125 0.406250 220
125 0.437500 203
125 0.468750 180
125 0.500000 190
125 0.531250 191
125 0.562500 202
125 0.593750 197
125 0.625000 227
125 0.656250 242
125 0.687500 240
125 0.718750 250
125 0.750000 225
125 0.781250 233
125 0.812500 223
125 0.843750 258
125 0.875000 254
125 0.906250 248
125 0.937500 243
125 0.968750 216
126 0.000000 227
126 0.031250 230
126 0.062500 210
126 0.093750 221
126 0.125000 244
126 0.156250 222
126 0.187500 218
126 0.218750 251
126 0.250000 222
126 0.281250 207
126 0.312500 244
126 0.343750 193
126 0.375000 235
126 0.406250 215
126 0.437500 226
126 0.468750 207
126 0.500000 206
126 0.531250 183
126 0.562500 213
126 0.593750 208
126 0.625000 223
126 0.656250 199
126 0.687500 224
126 0.718750 217
126 0.750000 213
126 0.781250 232
126 0.812500 221
126 0.843750 251
126 0.875000 258
126 0.906250 254
126 0.937500 240
126 0.968750 256
127 0.000000 234
127 0.031250 220
127 0.062500 207
127 0.093750 232
127 0.125000 220
127 0.156250 200
127 0.187500 228
127 0.218750 214
127 0.250000 193
127 0.281250 227
127 0.312500 210
127 0.343750 206
127 0.375000 217
127 0.406250 202
127 0.437500 216
127 0.468750 213
127 0.500000 207
127 0.531250 204
127 0.562500 191
127 0.593750 207
127 0.625000 215
127 0.656250 213
127 0.687500 228
127 0.718750 218
127 0.750000 259
127 0.781250 230
127 0.812500 251
127 0.843750 232
127 0.875000 251
127 0.906250 244
127 0.937500 246
127 0.968750 212
128 0.000000 249
128 0.031250 227
128 0.062500 213
128 0.093750 227
128 0.125000 193
128 0.156250 207
128 0.187500 193
128 0.218750 191
128 0.250000 212
128 0.281250 197
128 0.312500 203
128 0.343750 188
128 0.375000 233
128 0.406250 187
128 0.437500 211
128 0.468750 204
128 0.500000 201
128 0.531250 204
128 0.562500 228
128 0.593750 203
128 0.625000 196
128 0.656250 219
128 0.687500 224
128 0.718750 234
128 0.750000 217
128 0.781250 252
128 0.812500 227
128 0.843750 268
128 0.875000 230
128 0.906250 237
128 0.937500 215
128 0.968750 220
129 0.000000 197
129 0.031250 229
129 0.062500 216
129 0.093750 237
129 0.125000 229
129 0.156250 183
129 0.187500 175
129 0.218750 197
129 0.250000 187
129 0.281250 219
129 0.312500 218
129 0.343750 187
129 0.375000 212
129 0.406250 213
129 0.437500 201
129 0.468750 182
129 0.500000 167
129 0.531250 218
129 0.562500 212
129 0.593750 193
129 0.625000 192
129 0.656250 191
129 0.687500 209
129 0.718750 220
129 0.750000 212
129 0.781250 252
129 0.812500 223
129 0.843750 234
129 0.875000 224
129 0.906250 233
129 0.937500 233
129 0.968750 203
130 0.000000 215
130 0.031250 193
130 0.062500 218
130 0.093750 212
130 0.125000 200
130 0.156250 185
130 0.187500 186
130 0.218750 201
130 0.250000 199
130 0.281250 235
130 0.312500 191
130 0.343750 205
130 0.375000 213
130 0.406250 212
130 0.437500 201
130 0.468750 185
130 0.500000 193
130 0.531250 190
130 0.562500 186
130 0.593750 217
130 0.625000 178
130 0.656250 201
130 0.687500 204
130 0.718750 229
130 0.750000 209
130 0.781250 223
130 0.812500 240
130 0.843750 225
130 0.875000 218
130 0.906250 199
130 0.937500 226
130 0.968750 200
131 0.000000 215
131 0.031250 202
131 0.062500 225
131 0.093750 211
131 0.125000 194
131 0.156250 218
131 0.187500 183
131 0.218750 212
131 0.250000 211
131 0.281250 224
131 0.312500 196
131 0.343750 197
131 0.375000 183
131 0.406250 203
131 0.437500 182
131 0.468750 184
131 0.500000 184
131 0.531250 195
131 0.562500 190
131 0.593750 184
131 0.625000 216
131 0.656250 208
131 0.687500 219
131 0.718750 223
131 0.750000 169
131 0.781250 213
131 0.812500 221
131 0.843750 237
131 0.875000 233
131 0.906250 222
131 0.937500 235
131 0.968750 192
132 0.000000 205
132 0.031250 197
132 0.062500 203
132 0.093750 234
132 0.125000 200
132 0.156250 182
132 0.187500 174
132 0.218750 200
132 0.250000 172
132 0.281250 217
132 0.312500 206
132 0.343750 210
132 0.375000 180
132 0.406250 214
132 0.437500 171
132 0.468750 178
132 0.500000 208
132 0.531250 162
132 0.562500 188
132 0.593750 169
132 0.625000 207
132 0.656250 211
132 0.687500 218
132 0.718750 216
132 0.750000 201
132 0.781250 227
132 0.812500 209
132 0.843750 220
132 0.875000 222
132 0.906250 213
132 0.937500 225
132 0.968750 205
133 0.000000 230
133 0.031250 215
133 0.062500 213
133 0.093750 184
133 0.125000 200
133 0.156250 198
133 0.187500 192
133 0.218750 194
133 0.250000 187
133 0.281250 176
133 0.312500 204
133 0.343750 202
133 0.375000 194
133 0.406250 197
133 0.437500 182
133 0.468750 207
133 0.500000 176
133 0.531250 200
133 0.562500 189
133 0.593750 184
133 0.625000 179
133 0.656250 228
133 0.687500 200
133 0.718750 205
133 0.750000 200
133 0.781250 198
133 0.812500 226
133 0.843750 232
133 0.875000 182
133 0.906250 210
133 0.937500 223
133 0.968750 202
134 0.000000 179
134 0.031250 190
134 0.062500 192
134 0.093750 209
134 0.125000 193
134 0.156250 201
134 0.187500 180
134 0.218750 207
134 0.250000 197
134 0.281250 203
134 0.312500 204
134 0.343750 179
134 0.375000 167
134 0.406250 216
134 0.437500 176
134 0.468750 187
134 0.500000 205
134 0.531250 199
134 0.562500 204
134 0.593750 173
134 0.625000 192
134 0.656250 206
134 0.687500 204
134 0.718750 178
134 0.750000 197
134 0.781250 193
134 0.812500 222
134 0.843750 222
134 0.875000 202
134 0.906250 176
134 0.937500 230
134 0.968750 196
135 0.000000 177
135 0.031250 176
135 0.062500 200
135 0.093750 212
135 0.125000 177
135 0.156250 182
135 0.187500 191
135 0.218750 197
135 0.250000 189
135 0.281250 192
135 0.312500 182
135 0.343750 204
135 0.375000 196
135 0.406250 209
135 0.437500 187
135 0.468750 191
135 0.500000 185
135 0.531250 217
135 0.562500 196
135 0.593750 200
135 0.625000 190
135 0.656250 174
135 0.687500 189
135 0.718750 201
135 0.750000 205
135 0.781250 213
135 0.812500 192
135 0.843750 182
135 0.875000 209
135 0.906250 203
135 0.937500 193
135 0.968750 198
136 0.000000 221
136 0.031250 185
136 0.062500 184
136 0.093750 198
136 0.125000 193
136 0.156250 191
136 0.187500 160
136 0.218750 196
136 0.250000 194
136 0.281250 167
136 0.312500 178
136 0.343750 204
136 0.375000 206
136 0.406250 195
136 0.437500 206
136 0.468750 190
136 0.500000 187
136 0.531250 184
136 0.562500 158
136 0.593750 201
136 0.625000 187
136 0.656250 157
136 0.687500 196
136 0.718750 212
136 0.750000 209
136 0.781250 207
136 0.812500 193
136 0.843750 181
136 0.875000 190
136 0.906250 190
136 0.937500 218
136 0.968750 189
137 0.000000 192
137 0.031250 194
137 0.062500 188
137 0.093750 162
137 0.125000 186
137 0.156250 178
137 0.187500 175
137 0.218750 183
137 0.250000 195
137 0.281250 203
137 0.312500 199
137 0.343750 187
137 0.375000 212
137 0.406250 179
137 0.437500 183
137 0.468750 193
137 0.500000 186
137 0.531250 178
137 0.562500 184
137 0.593750 161
137 0.625000 196
137 0.656250 180
137 0.687500 177
137 0.718750 204
137 0.750000 218
137 0.781250 204
137 0.812500 199
137 0.843750 191
137 0.875000 190
137 0.906250 200
137 0.937500 188
137 0.968750 210
138 0.000000 174
138 0.031250 179
138 0.062500 183
138 0.093750 189
138 0.125000 179
138 0.156250 171
138 0.187500 177
138 0.218750 184
138 0.250000 172
138 0.281250 182
138 0.312500 178
138 0.343750 187
138 0.375000 186
138 0.406250 165
138 0.437500 178
138 0.468750 176
138 0.500000 162
138 0.531250 177
138 0.562500 189
138 0.593750 173
138 0.625000 194
138 0.656250 159
138 0.687500 203
138 0.718750 183
138 0.750000 203
138 0.781250 168
138 0.812500 177
138 0.843750 189
138 0.875000 172
138 0.906250 184
138 0.937500 197
138 0.968750 188
139 0.000000 162
139 0.031250 197
139 0.062500 167
139 0.093750 190
139 0.125000 188
139 0.156250 188
139 0.187500 168
139 0.218750 151
139 0.250000 172
139 0.281250 172
139 0.312500 182
139 0.343750 181
139 0.375000 184
139 0.406250 193
139 0.437500 177
139 0.468750 148
139 0.500000 155
139 0.531250 167
139 0.562500 185
139 0.593750 157
139 0.625000 172
139 0.656250 187
139 0.687500 194
139 0.718750 194
139 0.750000 195
139 0.781250 196
139 0.812500 187
139 0.843750 199
139 0.875000 204
139 0.906250 192
139 0.937500 192
139 0.968750 181
140 0.000000 197
140 0.031250 186
140 0.062500 162
140 0.093750 168
140 0.125000 184
140 0.156250 189
140 0.187500 190
140 0.218750 167
140 0.250000 211
140 0.281250 165
140 0.312500 183
140 0.343750 175
140 0.375000 192
140 0.406250 186
140 0.437500 161
140 0.468750 168
140 0.500000 160
140 0.531250 188
140 0.562500 180
140 0.593750 164
140 0.625000 170
140 0.656250 173
140 0.687500 199
140 0.718750 184
140 0.750000 196
140 0.781250 191
140 0.812500 167
140 0.843750 197
140 0.875000 197
140 0.906250 184
140 0.937500 193
140 0.968750 168
141 0.000000 185
141 0.031250 176
141 0.062500 182
141 0.093750 183
141 0.125000 194
141 0.156250 184
141 0.187500 185
141 0.218750 175
141 0.250000 188
141 0.281250 176
141 0.312500 155
141 0.343750 175
141 0.375000 191
141 0.406250 172
141 0.437500 163
141 0.468750 168
141 0.500000 184
141 0.531250 141
141 0.562500 175
141 0.593750 186
141 0.625000 182
141 0.656250 181
141 0.687500 170
141 0.718750 167
141 0.750000 177
141 0.781250 201
141 0.812500 171
141 0.843750 183
141 0.875000 184
141 0.906250 186
141 0.937500 173
141 0.968750 193
142 0.000000 178
142 0.031250 162
142 0.062500 194
142 0.093750 171
142 0.125000 166
142 0.156250 168
142 0.187500 159
142 0.218750 172
142 0.250000 151
142 0.281250 160
142 0.312500 169
142 0.343750 168
142 0.375000 158
142 0.406250 185
142 0.437500 168
142 0.468750 144
142 0.500000 188
142 0.531250 158
142 0.562500 163
142 0.593750 205
142 0.625000 172
142 0.656250 173
142 0.687500 177
142 0.718750 176
142 0.750000 203
142 0.781250 176
142 0.812500 195
142 0.843750 193
142 0.875000 182
142 0.906250 175
142 0.937500 179
142 0.968750 191
143 0.000000 181
143 0.031250 176
143 0.062500 178
143 0.093750 207
143 0.125000 164
143 0.156250 180
143 0.187500 186
143 0.218750 163
143 0.250000 168
143 0.281250 160
143 0.312500 171
143 0.343750 163
143 0.375000 163
143 0.406250 187
143 0.437500 190
143 0.468750 180
143 0.500000 167
143 0.531250 161
143 0.562500 196
143 0.593750 162
143 0.625000 201
143 0.656250 182
143 0.687500 164
143 0.718750 169
143 0.750000 185
143 0.781250 177
143 0.812500 150
143 0.843750 162
143 0.875000 154
143 0.906250 167
143 0.937500 176
143 0.968750 177
144 0.000000 162
144 0.031250 196
144 0.062500 159
144 0.093750 178
144 0.125000 171
144 0.156250 175
144 0.187500 174
144 0.218750 163
144 0.250000 177
144 0.281250 166
144 0.312500 163
144 0.343750 162
144 0.375000 194
144 0.406250 171
144 0.437500 181
144 0.468750 157
144 0.500000 168
144 0.531250 171
144 0.562500 159
144 0.593750 163
144 0.625000 178
144 0.656250 182
144 0.687500 162
144 0.718750 168
144 0.750000 190
144 0.781250 196
144 0.812500 188
144 0.843750 185
144 0.875000 202
144 0.906250 172
144 0.937500 154
144 0.968750 176
145 0.000000 177
145 0.031250 160
145 0.062500 159
145 0.093750 146
145 0.125000 184
145 0.156250 166
145 0.187500 162
145 0.218750 191
145 0.250000 156
145 0.281250 165
145 0.312500 169
145 0.343750 160
145 0.375000 164
145 0.406250 153
145 0.437500 140
145 0.468750 166
145 0.500000 156
145 0.531250 182
145 0.562500 179
145 0.593750 160
145 0.625000 162
145 0.656250 169
145 0.687500 160
145 0.718750 160
145 0.750000 172
145 0.781250 149
145 0.812500 180
145 0.843750 184
145 0.875000 168
145 0.906250 154
145 0.937500 189
145 0.968750 168
146 0.000000 197
146 0.031250 178
146 0.062500 161
146 0.093750 153
146 0.125000 174
146 0.156250 154
146 0.187500 157
146 0.218750 167
146 0.250000 172
146 0.281250 141
146 0.312500 153
146 0.343750 155
146 0.375000 169
146 0.406250 161
146 0.437500 147
146 0.468750 170
146 0.500000 172
146 0.531250 148
146 0.562500 171
146 0.593750 157
146 0.625000 169
146 0.656250 165
146 0.687500 177
146 0.718750 180
146 0.750000 165
146 0.781250 176
146 0.812500 166
146 0.843750 158
146 0.875000 168
146 0.906250 161
146 0.937500 160
146 0.968750 170
147 0.000000 143
147 0.031250 175
147 0.062500 156
147 0.093750 162
147 0.125000 161
147 0.156250 170
147 0.187500 162
147 0.218750 172
147 0.250000 174
147 0.281250 162
147 0.312500 152
147 0.343750 143
147 0.375000 153
147 0.406250 150
147 0.437500 146
147 0.468750 166
147 0.500000 153
147 0.531250 186
147 0.562500 158
147 0.593750 155
147 0.625000 166
147 0.656250 164
147 0.687500 138
147 0.718750 163
147 0.750000 191
147 0.781250 162
147 0.812500 172
147 0.843750 178
147 0.875000 163
147 0.906250 170
147 0.937500 167
147 0.968750 152
148 0.000000 149
148 0.031250 148
148 0.062500 169
148 0.093750 132
148 0.125000 148
148 0.156250 137
148 0.187500 169
148 0.218750 161
148 0.250000 174
148 0.281250 164
148 0.312500 154
148 0.343750 192
148 0.375000 143
148 0.406250 172
148 0.437500 154
148 0.468750 147
148 0.500000 164
148 0.531250 169
148 0.562500 160
148 0.593750 184
148 0.625000 139
148 0.656250 178
148 0.687500 188
148 0.718750 148
148 0.750000 174
148 0.781250 179
148 0.812500 189
148 0.843750 162
148 0.875000 159
148 0.906250 160
148 0.937500 151
148 0.968750 152
149 0.000000 177
149 0.031250 164
149 0.062500 132
149 0.093750 161
149 0.125000 156
149 0.156250 164
149 0.187500 159
149 0.218750 188
149 0.250000 167
149 0.281250 141
149 0.312500 163
149 0.343750 145
149 0.375000 143
149 0.406250 166
149 0.437500 163
149 0.468750 139
149 0.500000 164
149 0.531250 151
149 0.562500 148
149 0.593750 155
149 0.625000 166
149 0.656250 148
149 0.687500 186
149 0.718750 136
149 0.750000 166
149 0.781250 154
149 0.812500 152
149 0.843750 160
149 0.875000 160
149 0.906250 154
149 0.937500 155
149 0.968750 151
150 0.000000 163
150 0.031250 140
150 0.062500 150
150 0.093750 162
150 0.125000 164
150 0.156250 136
150 0.187500 165
150 0.218750 158
150 0.250000 161
150 0.281250 155
150 0.312500 165
150 0.343750 150
150 0.375000 151
150 0.406250 133
150 0.437500 158
150 0.468750 173
150 0.500000 155
150 0.531250 154
150 0.562500 159
150 0.593750 150
150 0.625000 151
150 0.656250 168
150 0.687500 153
150 0.718750 160
150 0.750000 169
150 0.781250 151
150 0.812500 181
150 0.843750 147
150 0.875000 158
150 0.906250 164
150 0.937500 146
150 0.968750 167
151 0.000000 154
151 0.031250 159
151 0.062500 146
151 0.093750 159
151 0.125000 159
151 0.156250 127
151 0.187500 146
151 0.218750 149
151 0.250000 139
151 0.281250 149
151 0.312500 159
151 0.343750 156
151 0.375000 141
151 0.406250 134
151 0.437500 152
151 0.468750 157
151 0.500000 131
151 0.531250 159
151 0.562500 157
151 0.593750 144
151 0.625000 154
151 0.656250 172
151 0.687500 157
151 0.718750 155
151 0.750000 147
151 0.781250 156
151 0.812500 173
151 0.843750 145
151 0.875000 168
151 0.906250 156
151 0.937500 164
151 0.968750 144
152 0.000000 143
152 0.031250 135
152 0.062500 159
152 0.093750 150
152 0.125000 144
152 0.156250 145
152 0.187500 150
152 0.218750 159
152 0.250000 182
152 0.281250 155
152 0.312500 158
152 0.343750 148
152 0.375000 154
152 0.406250 144
152 0.437500 150
152 0.468750 126
152 0.500000 142
152 0.531250 144
152 0.562500 162
152 0.593750 141
152 0.625000 127
152 0.656250 130
152 0.687500 145
152 0.718750 160
152 0.750000 162
152 0.781250 157
152 0.812500 142
152 0.843750 170
152 0.875000 145
152 0.906250 142
152 0.937500 167
152 0.968750 155
153 0.000000 166
153 0.031250 130
153 0.062500 165
153 0.093750 144
153 0.125000 139
153 0.156250 139
153 0.187500 123
153 0.218750 157
153 0.250000 136
153 0.281250 149
153 0.312500 131
153 0.343750 164
153 0.375000 149
153 0.406250 144
153 0.437500 148
153 0.468750 161
153 0.500000 167
153 0.531250 132
153 0.562500 159
153 0.593750 160
153 0.625000 145
153 0.656250 137
153 0.687500 161
153 0.718750 155
153 0.750000 146
153 0.781250 150
153 0.812500 164
153 0.843750 171
153 0.875000 165
153 0.906250 141
153 0.937500 134
153 0.968750 163
154 0.000000 134
154 0.031250 134
154 0.062500 137
154 0.093750 156
154 0.125000 148
154 0.156250 155
154 0.187500 160
154 0.218750 140
154 0.250000 139
154 0.281250 140
154 0.312500 139
154 0.343750 152
154 0.375000 161
154 0.406250 171
154 0.437500 128
154 0.468750 164
154 0.500000 141
154 0.531250 153
154 0.562500 139
154 0.593750 131
154 0.625000 175
154 0.656250 152
154 0.687500 146
154 0.718750 149
154 0.750000 158
154 0.781250 146
154 0.812500 152
154 0.843750 157
154 0.875000 136
154 0.906250 146
154 0.937500 152
154 0.968750 149
155 0.000000 147
155 0.031250 143
155 0.062500 121
155 0.093750 127
155 0.125000 155
155 0.156250 126
155 0.187500 146
155 0.218750 134
155 0.250000 159
155 0.281250 134
155 0.312500 149
155 0.343750 138
155 0.375000 141
155 0.406250 126
155 0.437500 132
155 0.468750 155
155 0.500000 124
155 0.531250 126
155 0.562500 122
155 0.593750 121
155 0.625000 135
155 0.656250 134
155 0.687500 135
155 0.718750 120
155 0.750000 123
155 0.781250 125
155 0.812500 171
155 0.843750 140
155 0.875000 162
155 0.906250 146
155 0.937500 163
155 0.968750 143
156 0.000000 135
156 0.031250 122
156 0.062500 167
156 0.093750 138
156 0.125000 131
156 0.156250 167
156 0.187500 130
156 0.218750 128
156 0.250000 148
156 0.281250 136
156 0.312500 134
156 0.343750 133
156 0.375000 117
156 0.406250 135
156 0.437500 139
156 0.468750 147
156 0.500000 156
156 0.531250 145
156 0.562500 140
156 0.593750 137
156 0.625000 158
156 0.656250 126
156 0.687500 180
156 0.718750 154
156 0.750000 129
156 0.781250 124
156 0.812500 156
156 0.843750 154
156 0.875000 140
156 0.906250 140
156 0.937500 127
156 0.968750 144
157 0.000000 124
157 0.031250 171
157 0.062500 177
157 0.093750 134
157 0.125000 149
157 0.156250 155
157 0.187500 131
157 0.218750 146
157 0.250000 134
157 0.281250 149
157 0.312500 143
157 0.343750 146
157 0.375000 153
157 0.406250 138
157 0.437500 143
157 0.468750 118
157 0.500000 141
157 0.531250 124
157 0.562500 136
157 0.593750 135
157 0.625000 149
157 0.656250 149
157 0.687500 145
157 0.718750 162
157 0.750000 125
157 0.781250 145
157 0.812500 132
157 0.843750 134
157 0.875000 135
157 0.906250 140
157 0.937500 148
157 0.968750 136
158 0.000000 144
158 0.031250 154
158 0.062500 124
158 0.093750 120
158 0.125000 131
158 0.156250 146
158 0.187500 130
158 0.218750 128
158 0.250000 130
158 0.281250 154
158 0.312500 115
158 0.343750 118
158 0.375000 131
158 0.406250 119
158 0.437500 132
158 0.468750 116
158 0.500000 117
158 0.531250 116
158 0.562500 132
158 0.593750 121
158 0.625000 119
158 0.656250 138
158 0.687500 137
158 0.718750 168
158 0.750000 123
158 0.781250 128
158 0.812500 122
158 0.843750 150
158 0.875000 150
158 0.906250 131
158 0.937500 144
158 0.968750 121
159 0.000000 148
159 0.031250 126
159 0.062500 127
159 0.093750 128
159 0.125000 120
159 0.156250 133
159 0.187500 126
159 0.218750 117
159 0.250000 140
159 0.281250 121
159 0.312500 141
159 0.343750 118
159 0.375000 134
159 0.406250 136
159 0.437500 137
159 0.468750 136
159 0.500000 134
159 0.531250 136
159 0.562500 131
159 0.593750 135
159 0.625000 157
159 0.656250 125
159 0.687500 128
159 0.718750 137
159 0.750000 119
159 0.781250 140
159 0.812500 146
159 0.843750 156
159 0.875000 131
159 0.906250 128
159 0.937500 120
159 0.968750 123
160 0.000000 109
160 0.031250 134
160 0.062500 136
160 0.093750 133
160 0.125000 123
160 0.156250 131
160 0.187500 125
160 0.218750 133
160 0.250000 126
160 0.281250 119
160 0.312500 132
160 0.343750 119
160 0.375000 146
160 0.406250 137
160 0.437500 133
160 0.468750 130
160 0.500000 112
160 0.531250 149
160 0.562500 115
160 0.593750 129
160 0.625000 128
160 0.656250 140
160 0.687500 136
160 0.718750 139
160 0.750000 127
160 0.781250 118
160 0.812500 152
160 0.843750 141
160 0.875000 132
160 0.906250 152
160 0.937500 113
160 0.968750 113
161 0.000000 110
161 0.031250 125
161 0.062500 119
161 0.093750 147
161 0.125000 134
161 0.156250 130
161 0.187500 116
161 0.218750 126
161 0.250000 131
161 0.281250 124
161 0.312500 132
161 0.343750 117
161 0.375000 133
161 0.406250 151
161 0.437500 127
161 0.468750 106
161 0.500000 123
161 0.531250 116
161 0.562500 139
161 0.593750 122
161 0.625000 126
161 0.656250 142
161 0.687500 106
161 0.718750 138
161 0.750000 125
161 0.781250 138
161 0.812500 126
161 0.843750 125
161 0.875000 119
161 0.906250 119
161 0.937500 130
161 0.968750 128
162 0.000000 143
162 0.031250 121
162 0.062500 139
162 0.093750 129
162 0.125000 130
162 0.156250 121
162 0.187500 133
162 0.218750 122
162 0.250000 136
162 0.281250 126
162 0.312500 116
162 0.343750 115
162 0.375000 137
162 0.406250 136
162 0.437500 151
162 0.468750 105
162 0.500000 122
162 0.531250 107
162 0.562500 133
162 0.593750 95
162 0.625000 111
162 0.656250 115
162 0.687500 118
162 0.718750 115
162 0.750000 130
162 0.781250 129
162 0.812500 146
162 0.843750 115
162 0.875000 142
162 0.906250 131
162 0.937500 128
162 0.968750 137
163 0.000000 149
163 0.031250 119
163 0.062500 135
163 0.093750 134
163 0.125000 150
163 0.156250 102
163 0.187500 137
163 0.218750 116
163 0.250000 117
163 0.281250 148
163 0.312500 137
163 0.343750 135
163 0.375000 129
163 0.406250 142
163 0.437500 104
163 0.468750 115
163 0.500000 118
163 0.531250 137
163 0.562500 119
163 0.593750 116
163 0.625000 130
163 0.656250 110
163 0.687500 144
163 0.718750 145
163 0.750000 107
163 0.781250 137
163 0.812500 105
163 0.843750 133
163 0.875000 143
163 0.906250 108
163 0.937500 122
163 0.968750 135
164 0.000000 141
164 0.031250 138
164 0.062500 138
164 0.093750 125
164 0.125000 123
164 0.156250 123
164 0.187500 123
164 0.218750 151
164 0.250000 112
164 0.281250 127
164 0.312500 115
164 0.343750 119
164 0.375000 152
164 0.406250 129
164 0.437500 115
164 0.468750 125
164 0.500000 119
164 0.531250 115
164 0.562500 128
164 0.593750 118
164 0.625000 120
164 0.656250 143
164 0.687500 129
164 0.718750 128
164 0.750000 130
164 0.781250 128
164 0.812500 133
164 0.843750 116
164 0.875000 133
164 0.906250 121
164 0.937500 130
164 0.968750 120
165 0.000000 111
165 0.031250 120
165 0.062500 123
165 0.093750 103
165 0.125000 123
165 0.156250 133
165 0.187500 122
165 0.218750 136
165 0.250000 107
165 0.281250 118
165 0.312500 119
165 0.343750 123
165 0.375000 110
165 0.406250 112
165 0.437500 128
165 0.468750 106
165 0.500000 129
165 0.531250 113
165 0.562500 105
165 0.593750 122
165 0.625000 115
165 0.656250 127
165 0.687500 114
165 0.718750 118
165 0.750000 146
165 0.781250 119
165 0.812500 146
165 0.843750 121
165 0.875000 109
165 0.906250 124
165 0.937500 105
165 0.968750 137
166 0.000000 120
166 0.031250 116
166 0.062500 128
166 0.093750 117
166 0.125000 134
166 0.156250 126
166 0.187500 117
166 0.218750 133
166 0.250000 118
166 0.281250 139
166 0.312500 127
166 0.343750 116
166 0.375000 147
166 0.406250 125
166 0.437500 129
166 0.468750 114
166 0.500000 140
166 0.531250 118
166 0.562500 129
166 0.593750 137
166 0.625000 122
166 0.656250 121
166 0.687500 129
166 0.718750 128
166 0.750000 111
166 0.781250 126
166 0.812500 112
166 0.843750 103
166 0.875000 128
166 0.906250 138
166 0.937500 101
166 0.968750 138
167 0.000000 125
167 0.031250 107
167 0.062500 129
167 0.093750 138
167 0.125000 108
167 0.156250 131
167 0.187500 106
167 0.218750 136
167 0.250000 115
167 0.281250 126
167 0.312500 114
167 0.343750 123
167 0.375000 126
167 0.406250 123
167 0.437500 134
167 0.468750 95
167 0.500000 115
167 0.531250 119
167 0.562500 115
167 0.593750 117
167 0.625000 107
167 0.656250 134
167 0.687500 105
167 0.718750 112
167 0.750000 116
167 0.781250 112
167 0.812500 121
167 0.843750 110
167 0.875000 119
167 0.906250 129
167 0.937500 122
167 0.968750 127
168 0.000000 127
168 0.031250 110
168 0.062500 116
168 0.093750 120
168 0.125000 115
168 0.156250 127
168 0.187500 120
168 0.218750 117
168 0.250000 142
168 0.281250 122
168 0.312500 101
168 0.343750 122
168 0.375000 117
168 0.406250 127
168 0.437500 116
168 0.468750 127
168 0.500000 129
168 0.531250 131
168 0.562500 115
168 0.593750 135
168 0.625000 125
168 0.656250 125
168 0.687500 145
168 0.718750 113
168 0.750000 114
168 0.781250 116
168 0.812500 120
168 0.843750 107
168 0.875000 110
168 0.906250 130
168 0.937500 144
168 0.968750 117
169 0.000000 131
169 0.031250 112
169 0.062500 136
169 0.093750 121
169 0.125000 122
169 0.156250 122
169 0.187500 122
169 0.218750 122
169 0.250000 121
169 0.281250 127
169 0.312500 120
169 0.343750 125
169 0.375000 109
169 0.406250 119
169 0.437500 111
169 0.468750 129
169 0.500000 106
169 0.531250 130
169 0.562500 134
169 0.593750 113
169 0.625000 121
169 0.656250 128
169 0.687500 122
169 0.718750 133
169 0.750000 121
169 0.781250 105
169 0.812500 142
169 0.843750 111
169 0.875000 144
169 0.906250 120
169 0.937500 145
169 0.968750 109
170 0.000000 123
170 0.031250 105
170 0.062500 111
170 0.093750 119
170 0.125000 121
170 0.156250 106
170 0.187500 120
170 0.218750 145
170 0.250000 115
170 0.281250 121
170 0.312500 103
170 0.343750 137
170 0.375000 110
170 0.406250 124
170 0.437500 99
170 0.468750 100
170 0.500000 134
170 0.531250 119
170 0.562500 111
170 0.593750 119
170 0.625000 142
170 0.656250 105
170 0.687500 121
170 0.718750 120
170 0.750000 111
170 0.781250 122
170 0.812500 122
170 0.843750 128
170 0.875000 122
170 0.906250 119
170 0.937500 120
170 0.968750 117
171 0.000000 117
171 0.031250 101
171 0.062500 105
171 0.093750 122
171 0.125000 116
171 0.156250 96
171 0.187500 128
171 0.218750 142
171 0.250000 121
171 0.281250 115
171 0.312500 127
171 0.343750 128
171 0.375000 115
171 0.406250 128
171 0.437500 127
171 0.468750 118
171 0.500000 133
171 0.531250 101
171 0.562500 143
171 0.593750 131
171 0.625000 123
171 0.656250 98
171 0.687500 125
171 0.718750 118
171 0.750000 119
171 0.781250 128
171 0.812500 123
171 0.843750 128
171 0.875000 138
171 0.906250 117
171 0.937500 117
171 0.968750 116
172 0.000000 122
172 0.031250 107
172 0.062500 126
172 0.093750 115
172 0.125000 125
172 0.156250 120
172 0.187500 128
172 0.218750 124
172 0.250000 113
172 0.281250 106
172 0.312500 113
172 0.343750 115
172 0.375000 122
172 0.406250 92
172 0.437500 116
172 0.468750 118
172 0.500000 116
172 0.531250 116
172 0.562500 120
172 0.593750 119
172 0.625000 106
172 0.656250 121
172 0.687500 135
172 0.718750 129
172 0.750000 118
172 0.781250 100
172 0.812500 131
172 0.843750 103
172 0.875000 137
172 0.906250 102
172 0.937500 125
172 0.968750 140
173 0.000000 112
173 0.031250 109
173 0.062500 110
173 0.093750 129
173 0.125000 118
173 0.156250 112
173 0.187500 107
173 0.218750 123
173 0.250000 124
173 0.281250 120
173 0.312500 110
173 0.343750 109
173 0.375000 134
173 0.406250 114
173 0.437500 106
173 0.468750 137
173 0.500000 130
173 0.531250 122
173 0.562500 105
173 0.593750 116
173 0.625000 123
173 0.656250 120
173 0.687500 122
173 0.718750 119
173 0.750000 135
173 0.781250 112
173 0.812500 112
173 0.843750 94
173 0.875000 117
173 0.906250 110
173 0.937500 120
173 0.968750 121
174 0.000000 112
174 0.031250 120
174 0.062500 105
174 0.093750 125
174 0.125000 123
174 0.156250 121
174 0.187500 126
174 0.218750 115
174 0.250000 105
174 0.281250 108
174 0.312500 135
174 0.343750 119
174 0.375000 120
174 0.406250 123
174 0.437500 98
174 0.468750 126
174 0.500000 105
174 0.531250 121
174 0.562500 112
174 0.593750 113
174 0.625000 125
174 0.656250 101
174 0.687500 101
174 0.718750 128
174 0.750000 114
174 0.781250 116
174 0.812500 117
174 0.843750 119
174 0.875000 117
174 0.906250 117
174 0.937500 112
174 0.968750 116
175 0.000000 143
175 0.031250 128
175 0.062500 112
175 0.093750 120
175 0.125000 102
175 0.156250 120
175 0.187500 104
175 0.218750 111
175 0.250000 115
175 0.281250 123
175 0.312500 132
175 0.343750 108
175 0.375000 101
175 0.406250 102
175 0.437500 110
175 0.468750 110
175 0.500000 125
175 0.531250 105
175 0.562500 117
175 0.593750 110
175 0.625000 103
175 0.656250 99
175 0.687500 104
175 0.718750 109
175 0.750000 112
175 0.781250 109
175 0.812500 106
175 0.843750 96
175 0.875000 121
175 0.906250 107
175 0.937500 118
175 0.968750 119
176 0.000000 113
176 0.031250 95
176 0.062500 111
176 0.093750 112
176 0.125000 87
176 0.156250 112
176 0.187500 116
176 0.218750 85
176 0.250000 122
176 0.281250 116
176 0.312500 133
176 0.343750 137
176 0.375000 121
176 0.406250 100
176 0.437500 99
176 0.468750 128
176 0.500000 106
176 0.531250 113
176 0.562500 104
176 0.593750 110
176 0.625000 132
176 0.656250 99
176 0.687500 95
176 0.718750 107
176 0.750000 108
176 0.781250 97
176 0.812500 103
176 0.843750 112
176 0.875000 107
176 0.906250 99
176 0.937500 110
176 0.968750 131
177 0.000000 114
177 0.031250 116
177 0.062500 107
177 0.093750 115
177 0.125000 108
177 0.156250 131
177 0.187500 112
177 0.218750 132
177 0.250000 116
177 0.281250 114
177 0.312500 113
177 0.343750 111
177 0.375000 96
177 0.406250 123
177 0.437500 121
177 0.468750 103
177 0.500000 98
177 0.531250 104
177 0.562500 128
177 0.593750 120
177 0.625000 132
177 0.656250 114
177 0.687500 122
177 0.718750 96
177 0.750000 105
177 0.781250 127
177 0.812500 100
177 0.843750 111
177 0.875000 111
177 0.906250 125
177 0.937500 124
177 0.968750 100
178 0.000000 94
178 0.031250 100
178 0.062500 101
178 0.093750 127
178 0.125000 95
178 0.156250 104
178 0.187500 92
178 0.218750 118
178 0.250000 106
178 0.281250 107
178 0.312500 113
178 0.343750 118
178 0.375000 123
178 0.406250 105
178 0.437500 115
178 0.468750 105
178 0.500000 107
178 0.531250 126
178 0.562500 107
178 0.593750 102
178 0.625000 99
178 0.656250 113
178 0.687500 102
178 0.718750 100
178 0.750000 102
178 0.781250 94
178 0.812500 121
178 0.843750 98
178 0.875000 113
178 0.906250 114
178 0.937500 106
178 0.968750 114
179 0.000000 129
179 0.031250 102
179 0.062500 102
179 0.093750 98
179 0.125000 87
179 0.156250 100
179 0.187500 114
179 0.218750 93
179 0.250000 114
179 0.281250 103
179 0.312500 132
179 0.343750 121
179 0.375000 113
179 0.406250 120
179 0.437500 101
179 0.468750 105
179 0.500000 118
179 0.531250 98
179 0.562500 82
179 0.593750 111
179 0.625000 108
179 0.656250 110
179 0.687500 100
179 0.718750 95
179 0.750000 124
179 0.781250 119
179 0.812500 102
179 0.843750 113
179 0.875000 91
179 0.906250 115
179 0.937500 101
179 0.968750 99
180 0.000000 108
180 0.031250 96
180 0.062500 99
180 0.093750 95
180 0.125000 114
180 0.156250 101
180 0.187500 108
180 0.218750 101
180 0.250000 99
180 0.281250 102
180 0.312500 90
180 0.343750 114
180 0.375000 110
180 0.406250 102
180 0.437500 107
180 0.468750 103
180 0.500000 100
180 0.531250 118
180 0.562500 111
180 0.593750 92
180 0.625000 105
180 0.656250 98
180 0.687500 131
180 0.718750 107
180 0.750000 120
180 0.781250 102
180 0.812500 97
180 0.843750 113
180 0.875000 103
180 0.906250 104
180 0.937500 112
180 0.968750 103
181 0.000000 125
181 0.031250 104
181 0.062500 107
181 0.093750 119
181 0.125000 81
181 0.156250 116
181 0.187500 117
181 0.218750 112
181 0.250000 115
181 0.281250 102
181 0.312500 97
181 0.343750 96
181 0.375000 104
181 0.406250 98
181 0.437500 113
181 0.468750 118
181 0.500000 123
181 0.531250 101
181 0.562500 106
181 0.593750 111
181 0.625000 97
181 0.656250 110
181 0.687500 95
181 0.718750 108
181 0.750000 119
181 0.781250 104
181 0.812500 110
181 0.843750 116
181 0.875000 92
181 0.906250 99
181 0.937500 98
181 0.968750 107
182 0.000000 95
182 0.031250 100
182 0.062500 99
182 0.093750 96
182 0.125000 127
182 0.156250 105
182 0.187500 112
182 0.218750 100
182 0.250000 91
182 0.281250 106
182 0.312500 89
182 0.343750 102
182 0.375000 107
182 0.406250 120
182 0.437500 117
182 0.468750 91
182 0.500000 107
182 0.531250 83
182 0.562500 111
182 0.593750 105
182 0.625000 115
182 0.656250 110
182 0.687500 116
182 0.718750 95
182 0.750000 99
182 0.781250 111
182 0.812500 98
182 0.843750 106
182 0.875000 110
182 0.906250 102
182 0.937500 100
182 0.968750 99
183 0.000000 120
183 0.031250 110
183 0.062500 82
183 0.093750 91
183 0.125000 97
183 0.156250 109
183 0.187500 93
183 0.218750 96
183 0.250000 107
183 0.281250 102
183 0.312500 90
183 0.343750 103
183 0.375000 101
183 0.406250 90
183 0.437500 93
183 0.468750 100
183 0.500000 96
183 0.531250 91
183 0.562500 109
183 0.593750 110
183 0.625000 90
183 0.656250 107
183 0.687500 91
183 0.718750 92
183 0.750000 104
183 0.781250 91
183 0.812500 109
183 0.843750 93
183 0.875000 90
183 0.906250 118
183 0.937500 102
183 0.968750 92
184 0.000000 104
184 0.031250 112
184 0.062500 85
184 0.093750 91
184 0.125000 96
184 0.156250 110
184 0.187500 98
184 0.218750 90
184 0.250000 86
184 0.281250 91
184 0.312500 81
184 0.343750 99
184 0.375000 82
184 0.406250 86
184 0.437500 94
184 0.468750 96
184 0.500000 106
184 0.531250 103
184 0.562500 108
184 0.593750 97
184 0.625000 84
184 0.656250 99
184 0.687500 104
184 0.718750 100
184 0.750000 90
184 0.781250 103
184 0.812500 113
184 0.843750 106
184 0.875000 98
184 0.906250 96
184 0.937500 94
184 0.968750 94
185 0.000000 90
185 0.031250 92
185 0.062500 94
185 0.093750 95
185 0.125000 92
185 0.156250 85
185 0.187500 99
185 0.218750 82
185 0.250000 108
185 0.281250 99
185 0.312500 98
185 0.343750 99
185 0.375000 85
185 0.406250 93
185 0.437500 98
185 0.468750 95
185 0.500000 100
185 0.531250 86
185 0.562500 101
185 0.593750 94
185 0.625000 90
185 0.656250 92
185 0.687500 83
185 0.718750 105
185 0.750000 101
185 0.781250 88
185 0.812500 104
185 0.843750 100
185 0.875000 95
185 0.906250 85
185 0.937500 90
185 0.968750 104
186 0.000000 85
186 0.031250 73
186 0.062500 86
186 0.093750 97
186 0.125000 92
186 0.156250 91
186 0.187500 95
186 0.218750 91
186 0.250000 88
186 0.281250 83
186 0.312500 98
186 0.343750 76
186 0.375000 112
186 0.406250 93
186 0.437500 105
186 0.468750 95
186 0.500000 84
186 0.531250 81
186 0.562500 84
186 0.593750 104
186 0.625000 87
186 0.656250 92
186 0.687500 86
186 0.718750 104
186 0.750000 96
186 0.781250 82
186 0.812500 90
186 0.843750 103
186 0.875000 87
186 0.906250 89
186 0.937500 90
186 0.968750 86
187 0.000000 74
187 0.031250 77
187 0.062500 82
187 0.093750 104
187 0.125000 103
187 0.156250 81
187 0.187500 112
187 0.218750 73
187 0.250000 92
187 0.281250 89
187 0.312500 103
187 0.343750 84
187 0.375000 86
187 0.406250 85
187 0.437500 88
187 0.468750 87
187 0.500000 109
187 0.531250 92
187 0.562500 86
187 0.593750 87
187 0.625000 74
187 0.656250 87
187 0.687500 90
187 0.718750 81
187 0.750000 85
187 0.781250 83
187 0.812500 82
187 0.843750 93
187 0.875000 92
187 0.906250 88
187 0.937500 89
187 0.968750 88
188 0.000000 94
188 0.031250 70
188 0.062500 83
188 0.093750 84
188 0.125000 96
188 0.156250 82
188 0.187500 83
188 0.218750 89
188 0.250000 80
188 0.281250 88
188 0.312500 80
188 0.343750 76
188 0.375000 91
188 0.406250 80
188 0.437500 83
188 0.468750 80
188 0.500000 96
188 0.531250 79
188 0.562500 74
188 0.593750 92
188 0.625000 81
188 0.656250 91
188 0.687500 63
188 0.718750 74
188 0.750000 55
188 0.781250 82
188 0.812500 80
188 0.843750 71
188 0.875000 85
188 0.906250 75
188 0.937500 79
188 0.968750 82
189 0.000000 102
189 0.031250 98
189 0.062500 84
189 0.093750 84
189 0.125000 88
189 0.156250 86
189 0.187500 74
189 0.218750 75
189 0.250000 77
189 0.281250 72
189 0.312500 78
189 0.343750 83
189 0.375000 86
189 0.406250 73
189 0.437500 82
189 0.468750 78
189 0.500000 78
189 0.531250 83
189 0.562500 77
189 0.593750 83
189 0.625000 79
189 0.656250 72
189 0.687500 87
189 0.718750 98
189 0.750000 77
189 0.781250 70
189 0.812500 91
189 0.843750 113
189 0.875000 74
189 0.906250 80
189 0.937500 75
189 0.968750 91
190 0.000000 95
190 0.031250 99
190 0.062500 99
190 0.093750 87
190 0.125000 81
190 0.156250 90
190 0.187500 78
190 0.218750 98
190 0.250000 75
190 0.281250 74
190 0.312500 86
190 0.343750 77
190 0.375000 83
190 0.406250 86
190 0.437500 81
190 0.468750 71
190 0.500000 85
190 0.531250 71
190 0.562500 69
190 0.593750 86
190 0.625000 102
190 0.656250 93
190 0.687500 75
190 0.718750 81
190 0.750000 78
190 0.781250 95
190 0.812500 83
190 0.843750 92
190 0.875000 77
190 0.906250 74
190 0.937500 96
190 0.968750 81
191 0.000000 93
191 0.031250 82
191 0.062500 70
191 0.093750 68
191 0.125000 79
191 0.156250 82
191 0.187500 60
191 0.218750 70
191 0.250000 73
191 0.281250 72
191 0.312500 86
191 0.343750 80
191 0.375000 79
191 0.406250 86
191 0.437500 80
191 0.468750 81
191 0.500000 93
191 0.531250 77
191 0.562500 69
191 0.593750 88
191 0.625000 75
191 0.656250 84
191 0.687500 88
191 0.718750 84
191 0.750000 82
191 0.781250 80
191 0.812500 85
191 0.843750 79
191 0.875000 84
191 0.906250 82
191 0.937500 92
191 0.968750 83
192 0.000000 80
192 0.031250 78
192 0.062500 80
192 0.093750 81
192 0.125000 102
192 0.156250 69
192 0.187500 98
192 0.218750 72
192 0.250000 70
192 0.281250 83
192 0.312500 73
192 0.343750 64
192 0.375000 62
192 0.406250 77
192 0.437500 90
192 0.468750 82
192 0.500000 70
192 0.531250 60
192 0.562500 90
192 0.593750 79
192 0.625000 68
192 0.656250 63
192 0.687500 76
192 0.718750 76
192 0.750000 78
192 0.781250 85
192 0.812500 94
192 0.843750 79
192 0.875000 84
192 0.906250 91
192 0.937500 75
192 0.968750 78
193 0.000000 86
193 0.031250 78
193 0.062500 87
193 0.093750 85
193 0.125000 70
193 0.156250 77
193 0.187500 86
193 0.218750 86
193 0.250000 87
193 0.281250 92
193 0.312500 77
193 0.343750 73
193 0.375000 98
193 0.406250 70
193 0.437500 69
193 0.468750 77
193 0.500000 78
193 0.531250 100
193 0.562500 83
193 0.593750 76
193 0.625000 86
193 0.656250 70
193 0.687500 77
193 0.718750 85
193 0.750000 85
193 0.781250 99
193 0.812500 69
193 0.843750 61
193 0.875000 65
193 0.906250 79
193 0.937500 74
193 0.968750 77
194 0.000000 74
194 0.031250 68
194 0.062500 80
194 0.093750 91
194 0.125000 75
194 0.156250 84
194 0.187500 79
194 0.218750 82
194 0.250000 77
194 0.281250 70
194 0.312500 91
194 0.343750 77
194 0.375000 76
194 0.406250 86
194 0.437500 81
194 0.468750 79
194 0.500000 79
194 0.531250 80
194 0.562500 83
194 0.593750 71
194 0.625000 84
194 0.656250 83
194 0.687500 74
194 0.718750 77
194 0.750000 74
194 0.781250 84
194 0.812500 88
194 0.843750 75
194 0.875000 90
194 0.906250 78
194 0.937500 75
194 0.968750 69
195 0.000000 76
195 0.031250 65
195 0.062500 71
195 0.093750 75
195 0.125000 76
195 0.156250 76
195 0.187500 65
195 0.218750 62
195 0.250000 77
195 0.281250 64
195 0.312500 80
195 0.343750 75
195 0.375000 73
195 0.406250 66
195 0.437500 81
195 0.468750 80
195 0.500000 85
195 0.531250 72
195 0.562500 76
195 0.593750 83
195 0.625000 68
195 0.656250 63
195 0.687500 58
195 0.718750 77
195 0.750000 64
195 0.781250 86
195 0.812500 82
195 0.843750 92
195 0.875000 84
195 0.906250 67
195 0.937500 74
195 0.968750 78
196 0.000000 92
196 0.031250 80
196 0.062500 80
196 0.093750 70
196 0.125000 87
196 0.156250 69
196 0.187500 77
196 0.218750 74
196 0.250000 58
196 0.281250 78
196 0.312500 78
196 0.343750 78
196 0.375000 80
196 0.406250 80
196 0.437500 83
196 0.468750 87
196 0.500000 92
196 0.531250 88
196 0.562500 79
196 0.593750 72
196 0.625000 89
196 0.656250 74
196 0.687500 73
196 0.718750 65
196 0.750000 66
196 0.781250 72
196 0.812500 79
196 0.843750 80
196 0.875000 95
196 0.906250 87
196 0.937500 77
196 0.968750 74
197 0.000000 81
197 0.031250 82
197 0.062500 91
197 0.093750 76
197 0.125000 86
197 0.156250 85
197 0.187500 70
197 0.218750 68
197 0.250000 77
197 0.281250 66
197 0.312500 77
197 0.343750 69
197 0.375000 67
197 0.406250 87
197 0.437500 60
197 0.468750 62
197 0.500000 71
197 0.531250 70
197 0.562500 77
197 0.593750 65
197 0.625000 81
197 0.656250 84
197 0.687500 81
197 0.718750 54
197 0.750000 65
197 0.781250 64
197 0.812500 76
197 0.843750 83
197 0.875000 66
197 0.906250 84
197 0.937500 69
197 0.968750 71
198 0.000000 66
198 0.031250 75
198 0.062500 72
198 0.093750 75
198 0.125000 71
198 0.156250 64
198 0.187500 69
198 0.218750 55
198 0.250000 77
198 0.281250 77
198 0.312500 78
198 0.343750 82
198 0.375000 105
198 0.406250 82
198 0.437500 65
198 0.468750 72
198 0.500000 87
198 0.531250 82
198 0.562500 76
198 0.593750 79
198 0.625000 70
198 0.656250 90
198 0.687500 68
198 0.718750 74
198 0.750000 70
198 0.781250 92
198 0.812500 62
198 0.843750 76
198 0.875000 91
198 0.906250 55
198 0.937500 72
198 0.968750 70
199 0.000000 71
199 0.031250 55
199 0.062500 67
199 0.093750 67
199 0.125000 66
199 0.156250 67
199 0.187500 71
199 0.218750 78
199 0.250000 82
199 0.281250 65
199 0.312500 73
199 0.343750 88
199 0.375000 66
199 0.406250 57
199 0.437500 77
199 0.468750 53
199 0.500000 87
199 0.531250 94
199 0.562500 72
199 0.593750 75
199 0.625000 72
199 0.656250 65
199 0.687500 56
199 0.718750 80
199 0.750000 69
199 0.781250 66
199 0.812500 72
199 0.843750 72
199 0.875000 69
199 0.906250 76
199 0.937500 69
199 0.968750 80
200 0.000000 86
200 0.031250 73
200 0.062500 82
200 0.093750 80
200 0.125000 76
200 0.156250 81
200 0.187500 68
200 0.218750 71
200 0.250000 77
200 0.281250 67
200 0.312500 81
200 0.343750 89
200 0.375000 67
200 0.406250 70
200 0.437500 93
200 0.468750 84
200 0.500000 84
200 0.531250 74
200 0.562500 70
200 0.593750 70
200 0.625000 80
200 0.656250 70
200 0.687500 61
200 0.718750 65
200 0.750000 48
200 0.781250 77
200 0.812500 67
200 0.843750 65
200 0.875000 89
200 0.906250 61
200 0.937500 65
200 0.968750 83
