20 0.000000 528
20 0.031250 516
20 0.062500 421
20 0.093750 424
20 0.125000 388
20 0.156250 352
20 0.187500 319
20 0.218750 298
20 0.250000 244
20 0.281250 244
20 0.312500 231
20 0.343750 195
20 0.375000 190
20 0.406250 212
20 0.437500 217
20 0.468750 238
20 0.500000 253
20 0.531250 294
20 0.562500 358
20 0.593750 412
20 0.625000 431
20 0.656250 480
20 0.687500 512
20 0.718750 613
20 0.750000 561
20 0.781250 617
20 0.812500 632
20 0.843750 585
20 0.875000 614
20 0.906250 618
20 0.937500 609
20 0.968750 614
21 0.000000 844
21 0.031250 800
21 0.062500 740
21 0.093750 651
21 0.125000 652
21 0.156250 539
21 0.187500 518
21 0.218750 492
21 0.250000 420
21 0.281250 395
21 0.312500 364
21 0.343750 309
21 0.375000 320
21 0.406250 318
21 0.437500 340
21 0.468750 347
21 0.500000 402
21 0.531250 452
21 0.562500 519
21 0.593750 595
21 0.625000 676
21 0.656250 739
21 0.687500 841
21 0.718750 848
21 0.750000 912
21 0.781250 979
21 0.812500 920
21 0.843750 1035
21 0.875000 964
21 0.906250 927
21 0.937500 935
21 0.968750 906
22 0.000000 1274
22 0.031250 1126
22 0.062500 1071
22 0.093750 1021
22 0.125000 957
22 0.156250 825
22 0.187500 731
22 0.218750 651
22 0.250000 625
22 0.281250 561
22 0.312500 511
22 0.343750 468
22 0.375000 452
22 0.406250 468
22 0.437500 466
22 0.468750 548
22 0.500000 591
22 0.531250 630
22 0.562500 755
22 0.593750 872
22 0.625000 921
22 0.656250 1052
22 0.687500 1166
22 0.718750 1239
22 0.750000 1360
22 0.781250 1392
22 0.812500 1388
22 0.843750 1410
22 0.875000 1393
22 0.906250 1341
22 0.937500 1324
22 0.968750 1274
23 0.000000 1660
23 0.031250 1537
23 0.062500 1415
23 0.093750 1313
23 0.125000 1174
23 0.156250 1094
23 0.187500 1035
23 0.218750 874
23 0.250000 830
23 0.281250 731
23 0.312500 678
23 0.343750 638
23 0.375000 618
23 0.406250 634
23 0.437500 642
23 0.468750 679
23 0.500000 736
23 0.531250 839
23 0.562500 1044
23 0.593750 1101
23 0.625000 1316
23 0.656250 1487
23 0.687500 1598
23 0.718750 1712
23 0.750000 1768
23 0.781250 1828
23 0.812500 1986
23 0.843750 1965
23 0.875000 1954
23 0.906250 1938
23 0.937500 1875
23 0.968750 1708
24 0.000000 2117
24 0.031250 2001
24 0.062500 1883
24 0.093750 1635
24 0.125000 1557
24 0.156250 1386
24 0.187500 1318
24 0.218750 1190
24 0.250000 1027
24 0.281250 958
24 0.312500 838
24 0.343750 757
24 0.375000 770
24 0.406250 752
24 0.437500 830
24 0.468750 844
24 0.500000 979
24 0.531250 1113
24 0.562500 1286
24 0.593750 1417
24 0.625000 1594
24 0.656250 1859
24 0.687500 1964
24 0.718750 2184
24 0.750000 2271
24 0.781250 2464
24 0.812500 2424
24 0.843750 2453
24 0.875000 2464
24 0.906250 2398
24 0.937500 2346
24 0.968750 2210
25 0.000000 2507
25 0.031250 2328
25 0.062500 2247
25 0.093750 2021
25 0.125000 1774
25 0.156250 1720
25 0.187500 1523
25 0.218750 1384
25 0.250000 1223
25 0.281250 1048
25 0.312500 1012
25 0.343750 884
25 0.375000 910
25 0.406250 904
25 0.437500 909
25 0.468750 1010
25 0.500000 1092
25 0.531250 1267
25 0.562500 1449
25 0.593750 1726
25 0.625000 2001
25 0.656250 2233
25 0.687500 2449
25 0.718750 2590
25 0.750000 2690
25 0.781250 2796
25 0.812500 2818
25 0.843750 2981
25 0.875000 2900
25 0.906250 2930
25 0.937500 2741
25 0.968750 2657
26 0.000000 2746
26 0.031250 2691
26 0.062500 2511
26 0.093750 2226
26 0.125000 2096
26 0.156250 1938
26 0.187500 1748
26 0.218750 1539
26 0.250000 1361
26 0.281250 1201
26 0.312500 1135
26 0.343750 1023
26 0.375000 1029
26 0.406250 1047
26 0.437500 1033
26 0.468750 1097
26 0.500000 1260
26 0.531250 1449
26 0.562500 1721
26 0.593750 1957
26 0.625000 2218
26 0.656250 2483
26 0.687500 2771
26 0.718750 3017
26 0.750000 3208
26 0.781250 3335
26 0.812500 3370
26 0.843750 3370
26 0.875000 3413
26 0.906250 3210
26 0.937500 3216
26 0.968750 2979
27 0.000000 3084
27 0.031250 2885
27 0.062500 2660
27 0.093750 2473
27 0.125000 2255
27 0.156250 2022
27 0.187500 1881
27 0.218750 1620
27 0.250000 1475
27 0.281250 1262
27 0.312500 1241
27 0.343750 1077
27 0.375000 1086
27 0.406250 1046
27 0.437500 1071
27 0.468750 1238
27 0.500000 1313
27 0.531250 1624
27 0.562500 1846
27 0.593750 2109
27 0.625000 2386
27 0.656250 2714
27 0.687500 3094
27 0.718750 3205
27 0.750000 3491
27 0.781250 3490
27 0.812500 3584
27 0.843750 3761
27 0.875000 3580
27 0.906250 3508
27 0.937500 3421
27 0.968750 3295
28 0.000000 3236
28 0.031250 3056
28 0.062500 2784
28 0.093750 2572
28 0.125000 2394
28 0.156250 2214
28 0.187500 1939
28 0.218750 1720
28 0.250000 1557
28 0.281250 1412
28 0.312500 1206
28 0.343750 1203
28 0.375000 1134
28 0.406250 1126
28 0.437500 1167
28 0.468750 1208
28 0.500000 1394
28 0.531250 1680
28 0.562500 1924
28 0.593750 2279
28 0.625000 2634
28 0.656250 2826
28 0.687500 3175
28 0.718750 3433
28 0.750000 3645
28 0.781250 3844
28 0.812500 3807
28 0.843750 3871
28 0.875000 3846
28 0.906250 3717
28 0.937500 3589
28 0.968750 3453
29 0.000000 3382
29 0.031250 3142
29 0.062500 2872
29 0.093750 2603
29 0.125000 2467
29 0.156250 2167
29 0.187500 1860
29 0.218750 1687
29 0.250000 1577
29 0.281250 1329
29 0.312500 1233
29 0.343750 1129
29 0.375000 1133
29 0.406250 1055
29 0.437500 1188
29 0.468750 1314
29 0.500000 1429
29 0.531250 1726
29 0.562500 2024
29 0.593750 2252
29 0.625000 2583
29 0.656250 2998
29 0.687500 3204
29 0.718750 3396
29 0.750000 3741
29 0.781250 3792
29 0.812500 3967
29 0.843750 4042
29 0.875000 3928
29 0.906250 3831
29 0.937500 3632
29 0.968750 3529
30 0.000000 3341
30 0.031250 3151
30 0.062500 2954
30 0.093750 2731
30 0.125000 2382
30 0.156250 2127
30 0.187500 1971
30 0.218750 1688
30 0.250000 1567
30 0.281250 1415
30 0.312500 1294
30 0.343750 1129
30 0.375000 1069
30 0.406250 1117
30 0.437500 1197
30 0.468750 1268
30 0.500000 1480
30 0.531250 1652
30 0.562500 1928
30 0.593750 2375
30 0.625000 2598
30 0.656250 2937
30 0.687500 3384
30 0.718750 3531
30 0.750000 3748
30 0.781250 3936
30 0.812500 4008
30 0.843750 4017
30 0.875000 4053
30 0.906250 3965
30 0.937500 3674
30 0.968750 3587
31 0.000000 3318
31 0.031250 3182
31 0.062500 2776
31 0.093750 2784
31 0.125000 2397
31 0.156250 2222
31 0.187500 1995
31 0.218750 1744
31 0.250000 1550
31 0.281250 1480
31 0.312500 1260
31 0.343750 1169
31 0.375000 1156
31 0.406250 1160
31 0.437500 1178
31 0.468750 1311
31 0.500000 1529
31 0.531250 1684
31 0.562500 2002
31 0.593750 2376
31 0.625000 2671
31 0.656250 2977
31 0.687500 3369
31 0.718750 3652
31 0.750000 3910
31 0.781250 3929
31 0.812500 3996
31 0.843750 4173
31 0.875000 4013
31 0.906250 4005
31 0.937500 3851
31 0.968750 3538
32 0.000000 3436
32 0.031250 3176
32 0.062500 2865
32 0.093750 2695
32 0.125000 2466
32 0.156250 2191
32 0.187500 1991
32 0.218750 1760
32 0.250000 1589
32 0.281250 1386
32 0.312500 1225
32 0.343750 1179
32 0.375000 1124
32 0.406250 1151
32 0.437500 1211
32 0.468750 1259
32 0.500000 1542
32 0.531250 1774
32 0.562500 2088
32 0.593750 2376
32 0.625000 2790
32 0.656250 3122
32 0.687500 3427
32 0.718750 3700
32 0.750000 3957
32 0.781250 3982
32 0.812500 4065
32 0.843750 4219
32 0.875000 3964
32 0.906250 3984
32 0.937500 4031
32 0.968750 3603
33 0.000000 3394
33 0.031250 3234
33 0.062500 2945
33 0.093750 2720
33 0.125000 2374
33 0.156250 2113
33 0.187500 2027
33 0.218750 1810
33 0.250000 1568
33 0.281250 1447
33 0.312500 1219
33 0.343750 1117
33 0.375000 1134
33 0.406250 1133
33 0.437500 1240
33 0.468750 1198
33 0.500000 1417
33 0.531250 1784
33 0.562500 2083
33 0.593750 2397
33 0.625000 2804
33 0.656250 3097
33 0.687500 3344
33 0.718750 3793
33 0.750000 3980
33 0.781250 4218
33 0.812500 4213
33 0.843750 4230
33 0.875000 4186
33 0.906250 4061
33 0.937500 3958
33 0.968750 3641
34 0.000000 3477
34 0.031250 3322
34 0.062500 3046
34 0.093750 2746
34 0.125000 2509
34 0.156250 2237
34 0.187500 1975
34 0.218750 1738
34 0.250000 1609
34 0.281250 1416
34 0.312500 1257
34 0.343750 1186
34 0.375000 1149
34 0.406250 1096
34 0.437500 1259
34 0.468750 1263
34 0.500000 1438
34 0.531250 1776
34 0.562500 2077
34 0.593750 2390
34 0.625000 2773
34 0.656250 3213
34 0.687500 3625
34 0.718750 3794
34 0.750000 4109
34 0.781250 4200
34 0.812500 4127
34 0.843750 4276
34 0.875000 4174
34 0.906250 4215
34 0.937500 3959
34 0.968750 3746
35 0.000000 3585
35 0.031250 3292
35 0.062500 3039
35 0.093750 2775
35 0.125000 2501
35 0.156250 2213
35 0.187500 2031
35 0.218750 1800
35 0.250000 1592
35 0.281250 1378
35 0.312500 1219
35 0.343750 1160
35 0.375000 1121
35 0.406250 1083
35 0.437500 1101
35 0.468750 1290
35 0.500000 1488
35 0.531250 1750
35 0.562500 2109
35 0.593750 2465
35 0.625000 2906
35 0.656250 3203
35 0.687500 3573
35 0.718750 3792
35 0.750000 3964
35 0.781250 4181
35 0.812500 4275
35 0.843750 4268
35 0.875000 4330
35 0.906250 4144
35 0.937500 3938
35 0.968750 3747
36 0.000000 3501
36 0.031250 3306
36 0.062500 3036
36 0.093750 2720
36 0.125000 2446
36 0.156250 2165
36 0.187500 1914
36 0.218750 1776
36 0.250000 1703
36 0.281250 1406
36 0.312500 1191
36 0.343750 1142
36 0.375000 1113
36 0.406250 1093
36 0.437500 1183
36 0.468750 1238
36 0.500000 1501
36 0.531250 1716
36 0.562500 2136
36 0.593750 2387
36 0.625000 2801
36 0.656250 3238
36 0.687500 3492
36 0.718750 3901
36 0.750000 4034
36 0.781250 4310
36 0.812500 4279
36 0.843750 4252
36 0.875000 4122
36 0.906250 4011
36 0.937500 3839
36 0.968750 3761
37 0.000000 3567
37 0.031250 3183
37 0.062500 2996
37 0.093750 2761
37 0.125000 2535
37 0.156250 2106
37 0.187500 1896
37 0.218750 1772
37 0.250000 1593
37 0.281250 1366
37 0.312500 1260
37 0.343750 1101
37 0.375000 1083
37 0.406250 1111
37 0.437500 1163
37 0.468750 1231
37 0.500000 1483
37 0.531250 1723
37 0.562500 2052
37 0.593750 2422
37 0.625000 2832
37 0.656250 3117
37 0.687500 3483
37 0.718750 3761
37 0.750000 3906
37 0.781250 4121
37 0.812500 4279
37 0.843750 4210
37 0.875000 4279
37 0.906250 3997
37 0.937500 3900
37 0.968750 3631
38 0.000000 3437
38 0.031250 3179
38 0.062500 2935
38 0.093750 2618
38 0.125000 2395
38 0.156250 2230
38 0.187500 1921
38 0.218750 1658
38 0.250000 1571
38 0.281250 1348
38 0.312500 1183
38 0.343750 1149
38 0.375000 1056
38 0.406250 1039
38 0.437500 1103
38 0.468750 1303
38 0.500000 1362
38 0.531250 1719
38 0.562500 2071
38 0.593750 2352
38 0.625000 2868
38 0.656250 3132
38 0.687500 3462
38 0.718750 3757
38 0.750000 3974
38 0.781250 4063
38 0.812500 4283
38 0.843750 4305
38 0.875000 3999
38 0.906250 3981
38 0.937500 3789
38 0.968750 3555
39 0.000000 3354
39 0.031250 3038
39 0.062500 2811
39 0.093750 2560
39 0.125000 2320
39 0.156250 2096
39 0.187500 1863
39 0.218750 1660
39 0.250000 1534
39 0.281250 1340
39 0.312500 1206
39 0.343750 1065
39 0.375000 1104
39 0.406250 1090
39 0.437500 1111
39 0.468750 1220
39 0.500000 1439
39 0.531250 1643
39 0.562500 1933
39 0.593750 2284
39 0.625000 2768
39 0.656250 3092
39 0.687500 3450
39 0.718750 3666
39 0.750000 3846
39 0.781250 4018
39 0.812500 4172
39 0.843750 4109
39 0.875000 4062
39 0.906250 3905
39 0.937500 3852
39 0.968750 3649
40 0.000000 3242
40 0.031250 3053
40 0.062500 2839
40 0.093750 2563
40 0.125000 2277
40 0.156250 2083
40 0.187500 1830
40 0.218750 1644
40 0.250000 1428
40 0.281250 1295
40 0.312500 1110
40 0.343750 1083
40 0.375000 1037
40 0.406250 1058
40 0.437500 1105
40 0.468750 1229
40 0.500000 1449
40 0.531250 1681
40 0.562500 1946
40 0.593750 2356
40 0.625000 2695
40 0.656250 3015
40 0.687500 3308
40 0.718750 3673
40 0.750000 3768
40 0.781250 3874
40 0.812500 4057
40 0.843750 3914
40 0.875000 4086
40 0.906250 3791
40 0.937500 3619
40 0.968750 3527
41 0.000000 3174
41 0.031250 2940
41 0.062500 2682
41 0.093750 2480
41 0.125000 2275
41 0.156250 1956
41 0.187500 1793
41 0.218750 1623
41 0.250000 1452
41 0.281250 1250
41 0.312500 1185
41 0.343750 1067
41 0.375000 1045
41 0.406250 995
41 0.437500 1057
41 0.468750 1164
41 0.500000 1394
41 0.531250 1641
41 0.562500 1971
41 0.593750 2245
41 0.625000 2553
41 0.656250 2825
41 0.687500 3303
41 0.718750 3534
41 0.750000 3713
41 0.781250 3869
41 0.812500 3898
41 0.843750 3859
41 0.875000 3901
41 0.906250 3749
41 0.937500 3579
41 0.968750 3296
42 0.000000 3215
42 0.031250 2856
42 0.062500 2644
42 0.093750 2338
42 0.125000 2099
42 0.156250 2021
42 0.187500 1729
42 0.218750 1647
42 0.250000 1381
42 0.281250 1235
42 0.312500 1148
42 0.343750 1056
42 0.375000 1018
42 0.406250 955
42 0.437500 1114
42 0.468750 1160
42 0.500000 1418
42 0.531250 1611
42 0.562500 1878
42 0.593750 2128
42 0.625000 2638
42 0.656250 2916
42 0.687500 3116
42 0.718750 3394
42 0.750000 3710
42 0.781250 3768
42 0.812500 3878
42 0.843750 3794
42 0.875000 3817
42 0.906250 3632
42 0.937500 3531
42 0.968750 3123
43 0.000000 3050
43 0.031250 2795
43 0.062500 2629
43 0.093750 2399
43 0.125000 2120
43 0.156250 1904
43 0.187500 1772
43 0.218750 1522
43 0.250000 1355
43 0.281250 1226
43 0.312500 1045
43 0.343750 1026
43 0.375000 957
43 0.406250 958
43 0.437500 1036
43 0.468750 1088
43 0.500000 1335
43 0.531250 1593
43 0.562500 1816
43 0.593750 2170
43 0.625000 2492
43 0.656250 2868
43 0.687500 3148
43 0.718750 3286
43 0.750000 3569
43 0.781250 3710
43 0.812500 3845
43 0.843750 3652
43 0.875000 3718
43 0.906250 3557
43 0.937500 3420
43 0.968750 3179
44 0.000000 2944
44 0.031250 2679
44 0.062500 2507
44 0.093750 2265
44 0.125000 2130
44 0.156250 1859
44 0.187500 1699
44 0.218750 1535
44 0.250000 1317
44 0.281250 1269
44 0.312500 1031
44 0.343750 1035
44 0.375000 934
44 0.406250 958
44 0.437500 1042
44 0.468750 1113
44 0.500000 1298
44 0.531250 1494
44 0.562500 1808
44 0.593750 2079
44 0.625000 2448
44 0.656250 2874
44 0.687500 2995
44 0.718750 3320
44 0.750000 3533
44 0.781250 3650
44 0.812500 3778
44 0.843750 3752
44 0.875000 3598
44 0.906250 3471
44 0.937500 3270
44 0.968750 3292
45 0.000000 2976
45 0.031250 2687
45 0.062500 2570
45 0.093750 2307
45 0.125000 2038
45 0.156250 1825
45 0.187500 1727
45 0.218750 1502
45 0.250000 1402
45 0.281250 1195
45 0.312500 1052
45 0.343750 984
45 0.375000 984
45 0.406250 1003
45 0.437500 1059
45 0.468750 1085
45 0.500000 1246
45 0.531250 1468
45 0.562500 1720
45 0.593750 2101
45 0.625000 2469
45 0.656250 2791
45 0.687500 2954
45 0.718750 3202
45 0.750000 3455
45 0.781250 3579
45 0.812500 3498
45 0.843750 3527
45 0.875000 3558
45 0.906250 3451
45 0.937500 3219
45 0.968750 3143
46 0.000000 2798
46 0.031250 2598
46 0.062500 2376
46 0.093750 2208
46 0.125000 1980
46 0.156250 1826
46 0.187500 1637
46 0.218750 1442
46 0.250000 1274
46 0.281250 1125
46 0.312500 1043
46 0.343750 989
46 0.375000 985
46 0.406250 921
46 0.437500 959
46 0.468750 1078
46 0.500000 1293
46 0.531250 1480
46 0.562500 1755
46 0.593750 2118
46 0.625000 2293
46 0.656250 2550
46 0.687500 2986
46 0.718750 3182
46 0.750000 3320
46 0.781250 3545
46 0.812500 3411
46 0.843750 3475
46 0.875000 3362
46 0.906250 3314
46 0.937500 3108
46 0.968750 3060
47 0.000000 2740
47 0.031250 2647
47 0.062500 2248
47 0.093750 2150
47 0.125000 2029
47 0.156250 1772
47 0.187500 1540
47 0.218750 1511
47 0.250000 1197
47 0.281250 1194
47 0.312500 1036
47 0.343750 918
47 0.375000 926
47 0.406250 916
47 0.437500 986
47 0.468750 1048
47 0.500000 1217
47 0.531250 1416
47 0.562500 1739
47 0.593750 1973
47 0.625000 2385
47 0.656250 2694
47 0.687500 2911
47 0.718750 3034
47 0.750000 3267
47 0.781250 3347
47 0.812500 3483
47 0.843750 3516
47 0.875000 3382
47 0.906250 3275
47 0.937500 3072
47 0.968750 2954
48 0.000000 2665
48 0.031250 2525
48 0.062500 2371
48 0.093750 2032
48 0.125000 1973
48 0.156250 1783
48 0.187500 1536
48 0.218750 1496
48 0.250000 1259
48 0.281250 1099
48 0.312500 970
48 0.343750 959
48 0.375000 865
48 0.406250 866
48 0.437500 936
48 0.468750 1012
48 0.500000 1200
48 0.531250 1344
48 0.562500 1620
48 0.593750 1932
48 0.625000 2267
48 0.656250 2578
48 0.687500 2766
48 0.718750 2999
48 0.750000 3247
48 0.781250 3378
48 0.812500 3287
48 0.843750 3307
48 0.875000 3358
48 0.906250 3152
48 0.937500 3041
48 0.968750 2798
49 0.000000 2567
49 0.031250 2284
49 0.062500 2172
49 0.093750 1962
49 0.125000 1751
49 0.156250 1716
49 0.187500 1509
49 0.218750 1375
49 0.250000 1206
49 0.281250 1168
49 0.312500 1018
49 0.343750 942
49 0.375000 857
49 0.406250 825
49 0.437500 926
49 0.468750 980
49 0.500000 1205
49 0.531250 1390
49 0.562500 1644
49 0.593750 1937
49 0.625000 2242
49 0.656250 2558
49 0.687500 2700
49 0.718750 3017
49 0.750000 3027
49 0.781250 3270
49 0.812500 3307
49 0.843750 3300
49 0.875000 3153
49 0.906250 3039
49 0.937500 2932
49 0.968750 2754
50 0.000000 2490
50 0.031250 2248
50 0.062500 2071
50 0.093750 1937
50 0.125000 1790
50 0.156250 1606
50 0.187500 1431
50 0.218750 1285
50 0.250000 1246
50 0.281250 1050
50 0.312500 970
50 0.343750 918
50 0.375000 854
50 0.406250 897
50 0.437500 907
50 0.468750 992
50 0.500000 1109
50 0.531250 1340
50 0.562500 1608
50 0.593750 1789
50 0.625000 2172
50 0.656250 2383
50 0.687500 2680
50 0.718750 2875
50 0.750000 3077
50 0.781250 3203
50 0.812500 3096
50 0.843750 3135
50 0.875000 3018
50 0.906250 2864
50 0.937500 2785
50 0.968750 2578
51 0.000000 2391
51 0.031250 2168
51 0.062500 2000
51 0.093750 1836
51 0.125000 1793
51 0.156250 1509
51 0.187500 1408
51 0.218750 1300
51 0.250000 1091
51 0.281250 1043
51 0.312500 889
51 0.343750 858
51 0.375000 863
51 0.406250 897
51 0.437500 878
51 0.468750 913
51 0.500000 1081
51 0.531250 1323
51 0.562500 1466
51 0.593750 1729
51 0.625000 2046
51 0.656250 2305
51 0.687500 2533
51 0.718750 2707
51 0.750000 2786
51 0.781250 3017
51 0.812500 2972
51 0.843750 2881
51 0.875000 2855
51 0.906250 2765
51 0.937500 2651
51 0.968750 2461
52 0.000000 2266
52 0.031250 2110
52 0.062500 1848
52 0.093750 1725
52 0.125000 1599
52 0.156250 1465
52 0.187500 1329
52 0.218750 1193
52 0.250000 1079
52 0.281250 980
52 0.312500 866
52 0.343750 839
52 0.375000 833
52 0.406250 781
52 0.437500 813
52 0.468750 914
52 0.500000 1070
52 0.531250 1227
52 0.562500 1436
52 0.593750 1775
52 0.625000 1956
52 0.656250 2174
52 0.687500 2449
52 0.718750 2614
52 0.750000 2659
52 0.781250 2902
52 0.812500 2841
52 0.843750 2803
52 0.875000 2787
52 0.906250 2611
52 0.937500 2536
52 0.968750 2414
53 0.000000 2104
53 0.031250 1947
53 0.062500 1857
53 0.093750 1720
53 0.125000 1505
53 0.156250 1312
53 0.187500 1232
53 0.218750 1150
53 0.250000 999
53 0.281250 956
53 0.312500 839
53 0.343750 802
53 0.375000 758
53 0.406250 800
53 0.437500 781
53 0.468750 829
53 0.500000 987
53 0.531250 1204
53 0.562500 1377
53 0.593750 1624
53 0.625000 1836
53 0.656250 2051
53 0.687500 2230
53 0.718750 2487
53 0.750000 2531
53 0.781250 2627
53 0.812500 2689
53 0.843750 2660
53 0.875000 2580
53 0.906250 2593
53 0.937500 2424
53 0.968750 2243
54 0.000000 2003
54 0.031250 1883
54 0.062500 1628
54 0.093750 1611
54 0.125000 1412
54 0.156250 1291
54 0.187500 1213
54 0.218750 1056
54 0.250000 953
54 0.281250 879
54 0.312500 827
54 0.343750 761
54 0.375000 731
54 0.406250 725
54 0.437500 787
54 0.468750 795
54 0.500000 962
54 0.531250 1117
54 0.562500 1325
54 0.593750 1554
54 0.625000 1756
54 0.656250 1906
54 0.687500 2149
54 0.718750 2362
54 0.750000 2501
54 0.781250 2520
54 0.812500 2441
54 0.843750 2509
54 0.875000 2472
54 0.906250 2407
54 0.937500 2249
54 0.968750 2198
55 0.000000 1864
55 0.031250 1756
55 0.062500 1761
55 0.093750 1561
55 0.125000 1378
55 0.156250 1238
55 0.187500 1130
55 0.218750 998
55 0.250000 910
55 0.281250 853
55 0.312500 790
55 0.343750 713
55 0.375000 679
55 0.406250 727
55 0.437500 782
55 0.468750 831
55 0.500000 916
55 0.531250 1080
55 0.562500 1238
55 0.593750 1428
55 0.625000 1613
55 0.656250 1845
55 0.687500 2001
55 0.718750 2257
55 0.750000 2346
55 0.781250 2391
55 0.812500 2367
55 0.843750 2419
55 0.875000 2382
55 0.906250 2249
55 0.937500 2074
55 0.968750 2068
56 0.000000 1833
56 0.031250 1688
56 0.062500 1544
56 0.093750 1490
56 0.125000 1324
56 0.156250 1215
56 0.187500 1014
56 0.218750 1011
56 0.250000 961
56 0.281250 786
56 0.312500 740
56 0.343750 696
56 0.375000 683
56 0.406250 727
56 0.437500 732
56 0.468750 759
56 0.500000 858
56 0.531250 1003
56 0.562500 1203
56 0.593750 1405
56 0.625000 1616
56 0.656250 1743
56 0.687500 1972
56 0.718750 2069
56 0.750000 2222
56 0.781250 2245
56 0.812500 2290
56 0.843750 2293
56 0.875000 2199
56 0.906250 2135
56 0.937500 2078
56 0.968750 1916
57 0.000000 1664
57 0.031250 1635
57 0.062500 1468
57 0.093750 1306
57 0.125000 1238
57 0.156250 1134
57 0.187500 1033
57 0.218750 941
57 0.250000 874
57 0.281250 789
57 0.312500 709
57 0.343750 645
57 0.375000 666
57 0.406250 684
57 0.437500 702
57 0.468750 753
57 0.500000 874
57 0.531250 963
57 0.562500 1162
57 0.593750 1340
57 0.625000 1490
57 0.656250 1688
57 0.687500 1778
57 0.718750 1969
57 0.750000 2052
57 0.781250 2118
57 0.812500 2163
57 0.843750 2166
57 0.875000 2065
57 0.906250 1935
57 0.937500 1938
57 0.968750 1861
58 0.000000 1675
58 0.031250 1592
58 0.062500 1433
58 0.093750 1297
58 0.125000 1214
58 0.156250 1074
58 0.187500 978
58 0.218750 905
58 0.250000 871
58 0.281250 759
58 0.312500 713
58 0.343750 640
58 0.375000 691
58 0.406250 673
58 0.437500 692
58 0.468750 759
58 0.500000 833
58 0.531250 995
58 0.562500 1124
58 0.593750 1321
58 0.625000 1503
58 0.656250 1663
58 0.687500 1769
58 0.718750 1832
58 0.750000 2019
58 0.781250 2090
58 0.812500 2060
58 0.843750 2049
58 0.875000 1980
58 0.906250 1933
58 0.937500 1844
58 0.968750 1775
59 0.000000 1514
59 0.031250 1486
59 0.062500 1309
59 0.093750 1223
59 0.125000 1105
59 0.156250 1046
59 0.187500 983
59 0.218750 835
59 0.250000 774
59 0.281250 781
59 0.312500 663
59 0.343750 637
59 0.375000 623
59 0.406250 624
59 0.437500 681
59 0.468750 708
59 0.500000 850
59 0.531250 952
59 0.562500 1023
59 0.593750 1263
59 0.625000 1397
59 0.656250 1600
59 0.687500 1672
59 0.718750 1802
59 0.750000 1866
59 0.781250 1987
59 0.812500 2003
59 0.843750 2012
59 0.875000 1899
59 0.906250 1836
59 0.937500 1772
59 0.968750 1632
60 0.000000 1503
60 0.031250 1432
60 0.062500 1326
60 0.093750 1220
60 0.125000 1141
60 0.156250 1049
60 0.187500 934
60 0.218750 869
60 0.250000 786
60 0.281250 707
60 0.312500 626
60 0.343750 612
60 0.375000 617
60 0.406250 566
60 0.437500 695
60 0.468750 724
60 0.500000 783
60 0.531250 919
60 0.562500 1040
60 0.593750 1290
60 0.625000 1357
60 0.656250 1555
60 0.687500 1638
60 0.718750 1784
60 0.750000 1846
60 0.781250 1907
60 0.812500 1945
60 0.843750 1901
60 0.875000 1838
60 0.906250 1839
60 0.937500 1722
60 0.968750 1609
61 0.000000 1430
61 0.031250 1386
61 0.062500 1299
61 0.093750 1163
61 0.125000 1055
61 0.156250 981
61 0.187500 896
61 0.218750 858
61 0.250000 799
61 0.281250 764
61 0.312500 631
61 0.343750 669
61 0.375000 635
61 0.406250 647
61 0.437500 608
61 0.468750 667
61 0.500000 762
61 0.531250 849
61 0.562500 1044
61 0.593750 1209
61 0.625000 1328
61 0.656250 1502
61 0.687500 1645
61 0.718750 1681
61 0.750000 1730
61 0.781250 1819
61 0.812500 1812
61 0.843750 1789
61 0.875000 1805
61 0.906250 1705
61 0.937500 1656
61 0.968750 1577
62 0.000000 1430
62 0.031250 1318
62 0.062500 1264
62 0.093750 1118
62 0.125000 1056
62 0.156250 1012
62 0.187500 872
62 0.218750 808
62 0.250000 703
62 0.281250 680
62 0.312500 651
62 0.343750 616
62 0.375000 589
62 0.406250 593
62 0.437500 665
62 0.468750 688
62 0.500000 739
62 0.531250 855
62 0.562500 974
62 0.593750 1145
62 0.625000 1284
62 0.656250 1412
62 0.687500 1539
62 0.718750 1735
62 0.750000 1783
62 0.781250 1792
62 0.812500 1782
62 0.843750 1738
62 0.875000 1689
62 0.906250 1614
62 0.937500 1660
62 0.968750 1490
63 0.000000 1321
63 0.031250 1272
63 0.062500 1151
63 0.093750 1064
63 0.125000 1012
63 0.156250 907
63 0.187500 925
63 0.218750 814
63 0.250000 727
63 0.281250 657
63 0.312500 623
63 0.343750 640
63 0.375000 598
63 0.406250 542
63 0.437500 569
63 0.468750 641
63 0.500000 724
63 0.531250 845
63 0.562500 985
63 0.593750 1099
63 0.625000 1282
63 0.656250 1401
63 0.687500 1488
63 0.718750 1609
63 0.750000 1746
63 0.781250 1703
63 0.812500 1726
63 0.843750 1800
63 0.875000 1708
63 0.906250 1549
63 0.937500 1493
63 0.968750 1457
64 0.000000 1274
64 0.031250 1209
64 0.062500 1103
64 0.093750 1103
64 0.125000 964
64 0.156250 915
64 0.187500 824
64 0.218750 740
64 0.250000 692
64 0.281250 657
64 0.312500 642
64 0.343750 575
64 0.375000 597
64 0.406250 622
64 0.437500 613
64 0.468750 609
64 0.500000 707
64 0.531250 788
64 0.562500 933
64 0.593750 1050
64 0.625000 1234
64 0.656250 1322
64 0.687500 1450
64 0.718750 1480
64 0.750000 1611
64 0.781250 1678
64 0.812500 1643
64 0.843750 1550
64 0.875000 1585
64 0.906250 1514
64 0.937500 1513
64 0.968750 1320
65 0.000000 1186
65 0.031250 1058
65 0.062500 1102
65 0.093750 1032
65 0.125000 923
65 0.156250 876
65 0.187500 752
65 0.218750 728
65 0.250000 709
65 0.281250 669
65 0.312500 623
65 0.343750 587
65 0.375000 585
65 0.406250 595
65 0.437500 622
65 0.468750 632
65 0.500000 727
65 0.531250 795
65 0.562500 969
65 0.593750 1072
65 0.625000 1150
65 0.656250 1250
65 0.687500 1374
65 0.718750 1527
65 0.750000 1494
65 0.781250 1614
65 0.812500 1518
65 0.843750 1561
65 0.875000 1562
65 0.906250 1561
65 0.937500 1404
65 0.968750 1329
66 0.000000 1189
66 0.031250 1180
66 0.062500 1024
66 0.093750 980
66 0.125000 938
66 0.156250 891
66 0.187500 783
66 0.218750 753
66 0.250000 722
66 0.281250 563
66 0.312500 593
66 0.343750 586
66 0.375000 571
66 0.406250 576
66 0.437500 584
66 0.468750 629
66 0.500000 683
66 0.531250 780
66 0.562500 860
66 0.593750 971
66 0.625000 1098
66 0.656250 1234
66 0.687500 1383
66 0.718750 1477
66 0.750000 1507
66 0.781250 1526
66 0.812500 1553
66 0.843750 1472
66 0.875000 1449
66 0.906250 1405
66 0.937500 1383
66 0.968750 1350
67 0.000000 1155
67 0.031250 1060
67 0.062500 1044
67 0.093750 893
67 0.125000 870
67 0.156250 799
67 0.187500 781
67 0.218750 699
67 0.250000 659
67 0.281250 671
67 0.312500 614
67 0.343750 594
67 0.375000 547
67 0.406250 594
67 0.437500 557
67 0.468750 591
67 0.500000 638
67 0.531250 742
67 0.562500 931
67 0.593750 980
67 0.625000 1061
67 0.656250 1126
67 0.687500 1264
67 0.718750 1378
67 0.750000 1450
67 0.781250 1469
67 0.812500 1469
67 0.843750 1490
67 0.875000 1399
67 0.906250 1346
67 0.937500 1279
67 0.968750 1236
68 0.000000 1122
68 0.031250 1030
68 0.062500 999
68 0.093750 911
68 0.125000 828
68 0.156250 842
68 0.187500 694
68 0.218750 704
68 0.250000 659
68 0.281250 608
68 0.312500 553
68 0.343750 568
68 0.375000 576
68 0.406250 519
68 0.437500 537
68 0.468750 598
68 0.500000 643
68 0.531250 719
68 0.562500 868
68 0.593750 945
68 0.625000 1117
68 0.656250 1230
68 0.687500 1209
68 0.718750 1283
68 0.750000 1380
68 0.781250 1421
68 0.812500 1387
68 0.843750 1407
68 0.875000 1279
68 0.906250 1356
68 0.937500 1303
68 0.968750 1167
69 0.000000 1102
69 0.031250 991
69 0.062500 950
69 0.093750 924
69 0.125000 851
69 0.156250 766
69 0.187500 727
69 0.218750 684
69 0.250000 669
69 0.281250 624
69 0.312500 576
69 0.343750 548
69 0.375000 569
69 0.406250 526
69 0.437500 554
69 0.468750 600
69 0.500000 633
69 0.531250 729
69 0.562500 758
69 0.593750 872
69 0.625000 1026
69 0.656250 1156
69 0.687500 1247
69 0.718750 1285
69 0.750000 1358
69 0.781250 1361
69 0.812500 1342
69 0.843750 1362
69 0.875000 1281
69 0.906250 1298
69 0.937500 1208
69 0.968750 1170
70 0.000000 984
70 0.031250 950
70 0.062500 921
70 0.093750 899
70 0.125000 785
70 0.156250 727
70 0.187500 725
70 0.218750 661
70 0.250000 658
70 0.281250 567
70 0.312500 567
70 0.343750 524
70 0.375000 513
70 0.406250 526
70 0.437500 566
70 0.468750 558
70 0.500000 594
70 0.531250 693
70 0.562500 780
70 0.593750 844
70 0.625000 1004
70 0.656250 1091
70 0.687500 1115
70 0.718750 1272
70 0.750000 1214
70 0.781250 1325
70 0.812500 1334
70 0.843750 1289
70 0.875000 1253
70 0.906250 1217
70 0.937500 1119
70 0.968750 1148
71 0.000000 935
71 0.031250 911
71 0.062500 840
71 0.093750 835
71 0.125000 815
71 0.156250 733
71 0.187500 724
71 0.218750 645
71 0.250000 589
71 0.281250 543
71 0.312500 578
71 0.343750 501
71 0.375000 507
71 0.406250 543
71 0.437500 549
71 0.468750 526
71 0.500000 609
71 0.531250 663
71 0.562500 814
71 0.593750 885
71 0.625000 910
71 0.656250 1057
71 0.687500 1197
71 0.718750 1163
71 0.750000 1263
71 0.781250 1337
71 0.812500 1241
71 0.843750 1205
71 0.875000 1166
71 0.906250 1101
71 0.937500 1119
71 0.968750 1047
72 0.000000 950
72 0.031250 901
72 0.062500 821
72 0.093750 825
72 0.125000 758
72 0.156250 720
72 0.187500 661
72 0.218750 613
72 0.250000 603
72 0.281250 511
72 0.312500 529
72 0.343750 511
72 0.375000 485
72 0.406250 532
72 0.437500 511
72 0.468750 581
72 0.500000 604
72 0.531250 676
72 0.562500 791
72 0.593750 841
72 0.625000 926
72 0.656250 1045
72 0.687500 1075
72 0.718750 1123
72 0.750000 1149
72 0.781250 1156
72 0.812500 1164
72 0.843750 1225
72 0.875000 1182
72 0.906250 1113
72 0.937500 1032
72 0.968750 989
73 0.000000 966
73 0.031250 855
73 0.062500 864
73 0.093750 816
73 0.125000 691
73 0.156250 651
73 0.187500 659
73 0.218750 627
73 0.250000 581
73 0.281250 606
73 0.312500 524
73 0.343750 518
73 0.375000 519
73 0.406250 500
73 0.437500 476
73 0.468750 559
73 0.500000 604
73 0.531250 643
73 0.562500 729
73 0.593750 776
73 0.625000 903
73 0.656250 979
73 0.687500 1015
73 0.718750 1151
73 0.750000 1135
73 0.781250 1168
73 0.812500 1171
73 0.843750 1201
73 0.875000 1119
73 0.906250 1017
73 0.937500 1018
73 0.968750 1022
74 0.000000 894
74 0.031250 843
74 0.062500 807
74 0.093750 749
74 0.125000 675
74 0.156250 693
74 0.187500 598
74 0.218750 607
74 0.250000 576
74 0.281250 540
74 0.312500 503
74 0.343750 504
74 0.375000 464
74 0.406250 462
74 0.437500 468
74 0.468750 528
74 0.500000 573
74 0.531250 625
74 0.562500 694
74 0.593750 745
74 0.625000 905
74 0.656250 990
74 0.687500 1018
74 0.718750 1041
74 0.750000 1087
74 0.781250 1134
74 0.812500 1058
74 0.843750 1086
74 0.875000 1093
74 0.906250 1038
74 0.937500 972
74 0.968750 920
75 0.000000 831
75 0.031250 807
75 0.062500 757
75 0.093750 706
75 0.125000 619
75 0.156250 651
75 0.187500 619
75 0.218750 539
75 0.250000 550
75 0.281250 479
75 0.312500 465
75 0.343750 487
75 0.375000 507
75 0.406250 449
75 0.437500 481
75 0.468750 523
75 0.500000 554
75 0.531250 636
75 0.562500 650
75 0.593750 732
75 0.625000 787
75 0.656250 925
75 0.687500 991
75 0.718750 1025
75 0.750000 949
75 0.781250 1054
75 0.812500 987
75 0.843750 1028
75 0.875000 980
75 0.906250 1015
75 0.937500 946
75 0.968750 914
76 0.000000 815
76 0.031250 796
76 0.062500 755
76 0.093750 639
76 0.125000 664
76 0.156250 630
76 0.187500 581
76 0.218750 584
76 0.250000 528
76 0.281250 479
76 0.312500 497
76 0.343750 503
76 0.375000 445
76 0.406250 487
76 0.437500 500
76 0.468750 480
76 0.500000 555
76 0.531250 565
76 0.562500 635
76 0.593750 694
76 0.625000 770
76 0.656250 810
76 0.687500 941
76 0.718750 976
76 0.750000 970
76 0.781250 986
76 0.812500 994
76 0.843750 1004
76 0.875000 967
76 0.906250 924
76 0.937500 897
76 0.968750 870
77 0.000000 804
77 0.031250 779
77 0.062500 701
77 0.093750 667
77 0.125000 642
77 0.156250 616
77 0.187500 616
77 0.218750 521
77 0.250000 519
77 0.281250 557
77 0.312500 468
77 0.343750 416
77 0.375000 420
77 0.406250 476
77 0.437500 430
77 0.468750 522
77 0.500000 483
77 0.531250 542
77 0.562500 600
77 0.593750 726
77 0.625000 784
77 0.656250 860
77 0.687500 863
77 0.718750 873
77 0.750000 880
77 0.781250 985
77 0.812500 987
77 0.843750 1003
77 0.875000 996
77 0.906250 934
77 0.937500 878
77 0.968750 841
78 0.000000 731
78 0.031250 682
78 0.062500 702
78 0.093750 654
78 0.125000 559
78 0.156250 588
78 0.187500 529
78 0.218750 526
78 0.250000 513
78 0.281250 463
78 0.312500 465
78 0.343750 443
78 0.375000 470
78 0.406250 444
78 0.437500 467
78 0.468750 492
78 0.500000 509
78 0.531250 547
78 0.562500 633
78 0.593750 711
78 0.625000 747
78 0.656250 786
78 0.687500 861
78 0.718750 883
78 0.750000 949
78 0.781250 970
78 0.812500 959
78 0.843750 950
78 0.875000 874
78 0.906250 904
78 0.937500 824
78 0.968750 801
79 0.000000 727
79 0.031250 689
79 0.062500 633
79 0.093750 600
79 0.125000 658
79 0.156250 566
79 0.187500 516
79 0.218750 475
79 0.250000 524
79 0.281250 432
79 0.312500 464
79 0.343750 452
79 0.375000 469
79 0.406250 432
79 0.437500 460
79 0.468750 469
79 0.500000 492
79 0.531250 496
79 0.562500 546
79 0.593750 616
79 0.625000 718
79 0.656250 750
79 0.687500 805
79 0.718750 891
79 0.750000 877
79 0.781250 827
79 0.812500 889
79 0.843750 878
79 0.875000 857
79 0.906250 844
79 0.937500 742
79 0.968750 796
80 0.000000 712
80 0.031250 674
80 0.062500 657
80 0.093750 561
80 0.125000 601
80 0.156250 499
80 0.187500 526
80 0.218750 484
80 0.250000 455
80 0.281250 457
80 0.312500 412
80 0.343750 417
80 0.375000 494
80 0.406250 439
80 0.437500 409
80 0.468750 469
80 0.500000 460
80 0.531250 503
80 0.562500 585
80 0.593750 647
80 0.625000 652
80 0.656250 712
80 0.687500 785
80 0.718750 880
80 0.750000 802
80 0.781250 831
80 0.812500 839
80 0.843750 845
80 0.875000 762
80 0.906250 831
80 0.937500 769
80 0.968750 782
81 0.000000 669
81 0.031250 579
81 0.062500 597
81 0.093750 560
81 0.125000 540
81 0.156250 540
81 0.187500 523
81 0.218750 505
81 0.250000 492
81 0.281250 428
81 0.312500 438
81 0.343750 443
81 0.375000 420
81 0.406250 436
81 0.437500 443
81 0.468750 405
81 0.500000 472
81 0.531250 515
81 0.562500 537
81 0.593750 583
81 0.625000 658
81 0.656250 672
81 0.687500 743
81 0.718750 770
81 0.750000 796
81 0.781250 840
81 0.812500 856
81 0.843750 795
81 0.875000 853
81 0.906250 791
81 0.937500 766
81 0.968750 686
82 0.000000 643
82 0.031250 612
82 0.062500 582
82 0.093750 499
82 0.125000 505
82 0.156250 519
82 0.187500 512
82 0.218750 467
82 0.250000 397
82 0.281250 421
82 0.312500 427
82 0.343750 401
82 0.375000 369
82 0.406250 432
82 0.437500 410
82 0.468750 439
82 0.500000 432
82 0.531250 474
82 0.562500 525
82 0.593750 570
82 0.625000 665
82 0.656250 696
82 0.687500 720
82 0.718750 760
82 0.750000 736
82 0.781250 749
82 0.812500 771
82 0.843750 775
82 0.875000 736
82 0.906250 715
82 0.937500 692
82 0.968750 678
83 0.000000 608
83 0.031250 582
83 0.062500 585
83 0.093750 513
83 0.125000 509
83 0.156250 511
83 0.187500 465
83 0.218750 457
83 0.250000 437
83 0.281250 441
83 0.312500 386
83 0.343750 368
83 0.375000 415
83 0.406250 388
83 0.437500 410
83 0.468750 433
83 0.500000 445
83 0.531250 436
83 0.562500 515
83 0.593750 581
83 0.625000 623
83 0.656250 662
83 0.687500 688
83 0.718750 739
83 0.750000 749
83 0.781250 795
83 0.812500 730
83 0.843750 760
83 0.875000 725
83 0.906250 723
83 0.937500 673
83 0.968750 634
84 0.000000 609
84 0.031250 597
84 0.062500 551
84 0.093750 511
84 0.125000 508
84 0.156250 481
84 0.187500 460
84 0.218750 450
84 0.250000 467
84 0.281250 458
84 0.312500 383
84 0.343750 395
84 0.375000 400
84 0.406250 393
84 0.437500 383
84 0.468750 421
84 0.500000 425
84 0.531250 450
84 0.562500 528
84 0.593750 562
84 0.625000 580
84 0.656250 649
84 0.687500 659
84 0.718750 717
84 0.750000 719
84 0.781250 737
84 0.812500 742
84 0.843750 756
84 0.875000 701
84 0.906250 688
84 0.937500 644
84 0.968750 607
85 0.000000 569
85 0.031250 558
85 0.062500 512
85 0.093750 548
85 0.125000 469
85 0.156250 482
85 0.187500 445
85 0.218750 449
85 0.250000 446
85 0.281250 430
85 0.312500 390
85 0.343750 355
85 0.375000 385
85 0.406250 350
85 0.437500 437
85 0.468750 419
85 0.500000 453
85 0.531250 448
85 0.562500 507
85 0.593750 557
85 0.625000 539
85 0.656250 641
85 0.687500 651
85 0.718750 710
85 0.750000 681
85 0.781250 695
85 0.812500 690
85 0.843750 722
85 0.875000 641
85 0.906250 631
85 0.937500 631
85 0.968750 590
86 0.000000 540
86 0.031250 539
86 0.062500 511
86 0.093750 473
86 0.125000 484
86 0.156250 436
86 0.187500 438
86 0.218750 442
86 0.250000 406
86 0.281250 399
86 0.312500 390
86 0.343750 380
86 0.375000 393
86 0.406250 353
86 0.437500 375
86 0.468750 402
86 0.500000 465
86 0.531250 448
86 0.562500 465
86 0.593750 471
86 0.625000 569
86 0.656250 581
86 0.687500 620
86 0.718750 649
86 0.750000 658
86 0.781250 629
86 0.812500 663
86 0.843750 624
86 0.875000 657
86 0.906250 628
86 0.937500 564
86 0.968750 539
87 0.000000 523
87 0.031250 514
87 0.062500 512
87 0.093750 495
87 0.125000 462
87 0.156250 422
87 0.187500 459
87 0.218750 430
87 0.250000 384
87 0.281250 420
87 0.312500 387
87 0.343750 340
87 0.375000 364
87 0.406250 381
87 0.437500 368
87 0.468750 371
87 0.500000 384
87 0.531250 423
87 0.562500 447
87 0.593750 470
87 0.625000 521
87 0.656250 561
87 0.687500 600
87 0.718750 631
87 0.750000 607
87 0.781250 640
87 0.812500 654
87 0.843750 631
87 0.875000 647
87 0.906250 552
87 0.937500 573
87 0.968750 544
88 0.000000 510
88 0.031250 474
88 0.062500 469
88 0.093750 435
88 0.125000 432
88 0.156250 420
88 0.187500 401
88 0.218750 412
88 0.250000 396
88 0.281250 392
88 0.312500 380
88 0.343750 362
88 0.375000 362
88 0.406250 334
88 0.437500 407
88 0.468750 373
88 0.500000 383
88 0.531250 409
88 0.562500 472
88 0.593750 502
88 0.625000 509
88 0.656250 553
88 0.687500 540
88 0.718750 607
88 0.750000 586
88 0.781250 617
88 0.812500 591
88 0.843750 629
88 0.875000 587
88 0.906250 587
88 0.937500 582
88 0.968750 565
89 0.000000 502
89 0.031250 469
89 0.062500 502
89 0.093750 447
89 0.125000 403
89 0.156250 404
89 0.187500 406
89 0.218750 416
89 0.250000 384
89 0.281250 370
89 0.312500 362
89 0.343750 361
89 0.375000 354
89 0.406250 359
89 0.437500 350
89 0.468750 360
89 0.500000 433
89 0.531250 422
89 0.562500 473
89 0.593750 455
89 0.625000 467
89 0.656250 501
89 0.687500 614
89 0.718750 561
89 0.750000 583
89 0.781250 601
89 0.812500 619
89 0.843750 559
89 0.875000 593
89 0.906250 590
89 0.937500 525
89 0.968750 508
90 0.000000 485
90 0.031250 451
90 0.062500 470
90 0.093750 453
90 0.125000 410
90 0.156250 392
90 0.187500 434
90 0.218750 378
90 0.250000 413
90 0.281250 382
90 0.312500 350
90 0.343750 317
90 0.375000 348
90 0.406250 376
90 0.437500 328
90 0.468750 394
90 0.500000 377
90 0.531250 401
90 0.562500 469
90 0.593750 449
90 0.625000 488
90 0.656250 463
90 0.687500 560
90 0.718750 568
90 0.750000 599
90 0.781250 546
90 0.812500 575
90 0.843750 554
90 0.875000 533
90 0.906250 510
90 0.937500 533
90 0.968750 503
91 0.000000 410
91 0.031250 457
91 0.062500 419
91 0.093750 394
91 0.125000 404
91 0.156250 394
91 0.187500 353
91 0.218750 391
91 0.250000 367
91 0.281250 384
91 0.312500 357
91 0.343750 338
91 0.375000 349
91 0.406250 337
91 0.437500 345
91 0.468750 362
91 0.500000 395
91 0.531250 420
91 0.562500 433
91 0.593750 451
91 0.625000 516
91 0.656250 475
91 0.687500 508
91 0.718750 526
91 0.750000 573
91 0.781250 534
91 0.812500 574
91 0.843750 568
91 0.875000 549
91 0.906250 520
91 0.937500 451
91 0.968750 454
92 0.000000 483
92 0.031250 401
92 0.062500 407
92 0.093750 428
92 0.125000 414
92 0.156250 370
92 0.187500 368
92 0.218750 338
92 0.250000 369
92 0.281250 349
92 0.312500 324
92 0.343750 343
92 0.375000 336
92 0.406250 341
92 0.437500 360
92 0.468750 345
92 0.500000 355
92 0.531250 402
92 0.562500 439
92 0.593750 487
92 0.625000 477
92 0.656250 502
92 0.687500 514
92 0.718750 540
92 0.750000 523
92 0.781250 517
92 0.812500 569
92 0.843750 538
92 0.875000 508
92 0.906250 468
92 0.937500 475
92 0.968750 481
93 0.000000 443
93 0.031250 401
93 0.062500 412
93 0.093750 441
93 0.125000 421
93 0.156250 392
93 0.187500 366
93 0.218750 396
93 0.250000 358
93 0.281250 317
93 0.312500 325
93 0.343750 338
93 0.375000 352
93 0.406250 320
93 0.437500 328
93 0.468750 349
93 0.500000 372
93 0.531250 381
93 0.562500 423
93 0.593750 429
93 0.625000 424
93 0.656250 488
93 0.687500 472
93 0.718750 509
93 0.750000 510
93 0.781250 483
93 0.812500 458
93 0.843750 494
93 0.875000 525
93 0.906250 503
93 0.937500 465
93 0.968750 477
94 0.000000 411
94 0.031250 437
94 0.062500 408
94 0.093750 388
94 0.125000 372
94 0.156250 381
94 0.187500 391
94 0.218750 354
94 0.250000 336
94 0.281250 340
94 0.312500 359
94 0.343750 337
94 0.375000 334
94 0.406250 286
94 0.437500 295
94 0.468750 333
94 0.500000 384
94 0.531250 386
94 0.562500 363
94 0.593750 404
94 0.625000 424
94 0.656250 454
94 0.687500 462
94 0.718750 540
94 0.750000 503
94 0.781250 518
94 0.812500 458
94 0.843750 470
94 0.875000 512
94 0.906250 472
94 0.937500 448
94 0.968750 442
95 0.000000 392
95 0.031250 393
95 0.062500 374
95 0.093750 360
95 0.125000 376
95 0.156250 373
95 0.187500 341
95 0.218750 378
95 0.250000 370
95 0.281250 357
95 0.312500 316
95 0.343750 297
95 0.375000 302
95 0.406250 340
95 0.437500 313
95 0.468750 345
95 0.500000 343
95 0.531250 368
95 0.562500 395
95 0.593750 384
95 0.625000 420
95 0.656250 427
95 0.687500 420
95 0.718750 484
95 0.750000 463
95 0.781250 473
95 0.812500 466
95 0.843750 484
95 0.875000 503
95 0.906250 467
95 0.937500 427
95 0.968750 422
96 0.000000 376
96 0.031250 372
96 0.062500 371
96 0.093750 383
96 0.125000 351
96 0.156250 367
96 0.187500 326
96 0.218750 330
96 0.250000 342
96 0.281250 328
96 0.312500 314
96 0.343750 355
96 0.375000 322
96 0.406250 308
96 0.437500 363
96 0.468750 299
96 0.500000 342
96 0.531250 362
96 0.562500 412
96 0.593750 354
96 0.625000 393
96 0.656250 444
96 0.687500 435
96 0.718750 470
96 0.750000 445
96 0.781250 466
96 0.812500 436
96 0.843750 445
96 0.875000 403
96 0.906250 410
96 0.937500 424
96 0.968750 407
97 0.000000 406
97 0.031250 354
97 0.062500 396
97 0.093750 367
97 0.125000 337
97 0.156250 349
97 0.187500 321
97 0.218750 354
97 0.250000 319
97 0.281250 345
97 0.312500 319
97 0.343750 341
97 0.375000 333
97 0.406250 328
97 0.437500 317
97 0.468750 334
97 0.500000 322
97 0.531250 333
97 0.562500 342
97 0.593750 387
97 0.625000 407
97 0.656250 427
97 0.687500 431
97 0.718750 461
97 0.750000 433
97 0.781250 435
97 0.812500 447
97 0.843750 419
97 0.875000 424
97 0.906250 415
97 0.937500 435
97 0.968750 400
98 0.000000 382
98 0.031250 355
98 0.062500 368
98 0.093750 312
98 0.125000 308
98 0.156250 336
98 0.187500 345
98 0.218750 350
98 0.250000 349
98 0.281250 317
98 0.312500 313
98 0.343750 356
98 0.375000 306
98 0.406250 321
98 0.437500 299
98 0.468750 305
98 0.500000 324
98 0.531250 334
98 0.562500 350
98 0.593750 382
98 0.625000 389
98 0.656250 391
98 0.687500 417
98 0.718750 392
98 0.750000 391
98 0.781250 387
98 0.812500 435
98 0.843750 407
98 0.875000 416
98 0.906250 389
98 0.937500 401
98 0.968750 360
99 0.000000 391
99 0.031250 325
99 0.062500 389
99 0.093750 336
99 0.125000 344
99 0.156250 324
99 0.187500 327
99 0.218750 305
99 0.250000 310
99 0.281250 307
99 0.312500 304
99 0.343750 307
99 0.375000 302
99 0.406250 301
99 0.437500 329
99 0.468750 274
99 0.500000 329
99 0.531250 323
99 0.562500 340
99 0.593750 396
99 0.625000 412
99 0.656250 401
99 0.687500 415
99 0.718750 396
99 0.750000 431
99 0.781250 410
99 0.812500 409
99 0.843750 406
99 0.875000 406
99 0.906250 368
99 0.937500 396
99 0.968750 380
100 0.000000 353
100 0.031250 379
100 0.062500 328
100 0.093750 329
100 0.125000 340
100 0.156250 317
100 0.187500 309
100 0.218750 327
100 0.250000 314
100 0.281250 304
100 0.312500 323
100 0.343750 325
100 0.375000 285
100 0.406250 325
100 0.437500 298
100 0.468750 321
100 0.500000 325
100 0.531250 354
100 0.562500 344
100 0.593750 384
100 0.625000 318
100 0.656250 414
100 0.687500 370
100 0.718750 362
100 0.750000 418
100 0.781250 430
100 0.812500 365
100 0.843750 390
100 0.875000 383
100 0.906250 363
100 0.937500 354
100 0.968750 315
101 0.000000 341
101 0.031250 310
101 0.062500 332
101 0.093750 336
101 0.125000 336
101 0.156250 309
101 0.187500 335
101 0.218750 300
101 0.250000 306
101 0.281250 275
101 0.312500 309
101 0.343750 289
101 0.375000 291
101 0.406250 275
101 0.437500 329
101 0.468750 311
101 0.500000 281
101 0.531250 292
101 0.562500 299
101 0.593750 330
101 0.625000 344
101 0.656250 382
101 0.687500 355
101 0.718750 394
101 0.750000 384
101 0.781250 387
101 0.812500 389
101 0.843750 381
101 0.875000 363
101 0.906250 356
101 0.937500 382
101 0.968750 377
102 0.000000 331
102 0.031250 329
102 0.062500 343
102 0.093750 343
102 0.125000 322
102 0.156250 299
102 0.187500 283
102 0.218750 278
102 0.250000 304
102 0.281250 276
102 0.312500 311
102 0.343750 285
102 0.375000 283
102 0.406250 274
102 0.437500 268
102 0.468750 311
102 0.500000 270
102 0.531250 320
102 0.562500 335
102 0.593750 363
102 0.625000 377
102 0.656250 351
102 0.687500 393
102 0.718750 379
102 0.750000 349
102 0.781250 367
102 0.812500 377
102 0.843750 393
102 0.875000 381
102 0.906250 355
102 0.937500 345
102 0.968750 379
103 0.000000 339
103 0.031250 282
103 0.062500 334
103 0.093750 326
103 0.125000 292
103 0.156250 311
103 0.187500 312
103 0.218750 298
103 0.250000 290
103 0.281250 285
103 0.312500 294
103 0.343750 262
103 0.375000 303
103 0.406250 339
103 0.437500 278
103 0.468750 288
103 0.500000 316
103 0.531250 268
103 0.562500 304
103 0.593750 343
103 0.625000 306
103 0.656250 335
103 0.687500 374
103 0.718750 351
103 0.750000 377
103 0.781250 360
103 0.812500 355
103 0.843750 333
103 0.875000 345
103 0.906250 363
103 0.937500 356
103 0.968750 337
104 0.000000 335
104 0.031250 344
104 0.062500 340
104 0.093750 284
104 0.125000 278
104 0.156250 290
104 0.187500 275
104 0.218750 301
104 0.250000 281
104 0.281250 298
104 0.312500 271
104 0.343750 303
104 0.375000 298
104 0.406250 246
104 0.437500 280
104 0.468750 279
104 0.500000 292
104 0.531250 329
104 0.562500 307
104 0.593750 296
104 0.625000 322
104 0.656250 322
104 0.687500 329
104 0.718750 353
104 0.750000 350
104 0.781250 358
104 0.812500 368
104 0.843750 326
104 0.875000 322
104 0.906250 346
104 0.937500 282
104 0.968750 342
105 0.000000 324
105 0.031250 323
105 0.062500 320
105 0.093750 330
105 0.125000 287
105 0.156250 281
105 0.187500 272
105 0.218750 314
105 0.250000 295
105 0.281250 273
105 0.312500 257
105 0.343750 279
105 0.375000 277
105 0.406250 274
105 0.437500 249
105 0.468750 276
105 0.500000 302
105 0.531250 323
105 0.562500 268
105 0.593750 297
105 0.625000 306
105 0.656250 381
105 0.687500 322
105 0.718750 306
105 0.750000 353
105 0.781250 364
105 0.812500 350
105 0.843750 317
105 0.875000 323
105 0.906250 323
105 0.937500 320
105 0.968750 334
106 0.000000 337
106 0.031250 265
106 0.062500 292
106 0.093750 320
106 0.125000 300
106 0.156250 282
106 0.187500 276
106 0.218750 276
106 0.250000 250
106 0.281250 293
106 0.312500 305
106 0.343750 282
106 0.375000 245
106 0.406250 244
106 0.437500 239
106 0.468750 251
106 0.500000 284
106 0.531250 310
106 0.562500 308
106 0.593750 301
106 0.625000 318
106 0.656250 307
106 0.687500 314
106 0.718750 335
106 0.750000 357
106 0.781250 336
106 0.812500 346
106 0.843750 344
106 0.875000 299
106 0.906250 281
106 0.937500 333
106 0.968750 292
107 0.000000 303
107 0.031250 281
107 0.062500 323
107 0.093750 306
107 0.125000 274
107 0.156250 276
107 0.187500 274
107 0.218750 277
107 0.250000 283
107 0.281250 283
107 0.312500 261
107 0.343750 246
107 0.375000 254
107 0.406250 256
107 0.437500 249
107 0.468750 277
107 0.500000 280
107 0.531250 274
107 0.562500 262
107 0.593750 307
107 0.625000 299
107 0.656250 333
107 0.687500 333
107 0.718750 335
107 0.750000 317
107 0.781250 308
107 0.812500 313
107 0.843750 301
107 0.875000 306
107 0.906250 297
107 0.937500 361
107 0.968750 298
108 0.000000 321
108 0.031250 292
108 0.062500 291
108 0.093750 281
108 0.125000 274
108 0.156250 267
108 0.187500 281
108 0.218750 273
108 0.250000 263
108 0.281250 286
108 0.312500 266
108 0.343750 271
108 0.375000 283
108 0.406250 258
108 0.437500 296
108 0.468750 273
108 0.500000 253
108 0.531250 244
108 0.562500 268
108 0.593750 256
108 0.625000 271
108 0.656250 323
108 0.687500 306
108 0.718750 273
108 0.750000 323
108 0.781250 346
108 0.812500 294
108 0.843750 320
108 0.875000 362
108 0.906250 352
108 0.937500 319
108 0.968750 319
109 0.000000 295
109 0.031250 287
109 0.062500 281
109 0.093750 274
109 0.125000 271
109 0.156250 265
109 0.187500 266
109 0.218750 246
109 0.250000 277
109 0.281250 285
109 0.312500 258
109 0.343750 246
109 0.375000 259
109 0.406250 275
109 0.437500 233
109 0.468750 256
109 0.500000 272
109 0.531250 263
109 0.562500 284
109 0.593750 294
109 0.625000 296
109 0.656250 351
109 0.687500 295
109 0.718750 288
109 0.750000 263
109 0.781250 333
109 0.812500 326
109 0.843750 313
109 0.875000 315
109 0.906250 289
109 0.937500 293
109 0.968750 269
110 0.000000 279
110 0.031250 281
110 0.062500 308
110 0.093750 295
110 0.125000 260
110 0.156250 264
110 0.187500 238
110 0.218750 249
110 0.250000 237
110 0.281250 244
110 0.312500 271
110 0.343750 244
110 0.375000 238
110 0.406250 278
110 0.437500 231
110 0.468750 229
110 0.500000 268
110 0.531250 244
110 0.562500 275
110 0.593750 290
110 0.625000 308
110 0.656250 299
110 0.687500 276
110 0.718750 314
110 0.750000 310
110 0.781250 295
110 0.812500 299
110 0.843750 307
110 0.875000 309
110 0.906250 316
110 0.937500 315
110 0.968750 279
111 0.000000 276
111 0.031250 256
111 0.062500 280
111 0.093750 240
111 0.125000 270
111 0.156250 245
111 0.187500 238
111 0.218750 260
111 0.250000 262
111 0.281250 245
111 0.312500 261
111 0.343750 232
111 0.375000 261
111 0.406250 260
111 0.437500 250
111 0.468750 268
111 0.500000 272
111 0.531250 295
111 0.562500 257
111 0.593750 281
111 0.625000 257
111 0.656250 272
111 0.687500 301
111 0.718750 275
111 0.750000 293
111 0.781250 306
111 0.812500 295
111 0.843750 276
111 0.875000 313
111 0.906250 279
111 0.937500 295
111 0.968750 265
112 0.000000 288
112 0.031250 279
112 0.062500 279
112 0.093750 253
112 0.125000 252
112 0.156250 265
112 0.187500 250
112 0.218750 242
112 0.250000 238
112 0.281250 255
112 0.312500 271
112 0.343750 265
112 0.375000 247
112 0.406250 265
112 0.437500 267
112 0.468750 276
112 0.500000 280
112 0.531250 255
112 0.562500 252
112 0.593750 295
112 0.625000 264
112 0.656250 270
112 0.687500 274
112 0.718750 300
112 0.750000 264
112 0.781250 323
112 0.812500 319
112 0.843750 309
112 0.875000 340
112 0.906250 262
112 0.937500 268
112 0.968750 280
113 0.000000 254
113 0.031250 272
113 0.062500 260
113 0.093750 255
113 0.125000 248
113 0.156250 241
113 0.187500 253
113 0.218750 241
113 0.250000 256
113 0.281250 266
113 0.312500 228
113 0.343750 232
113 0.375000 229
113 0.406250 243
113 0.437500 256
113 0.468750 239
113 0.500000 269
113 0.531250 238
113 0.562500 263
113 0.593750 294
113 0.625000 284
113 0.656250 268
113 0.687500 275
113 0.718750 268
113 0.750000 265
113 0.781250 285
113 0.812500 247
113 0.843750 291
113 0.875000 256
113 0.906250 296
113 0.937500 312
113 0.968750 242
114 0.000000 267
114 0.031250 260
114 0.062500 250
114 0.093750 259
114 0.125000 250
114 0.156250 256
114 0.187500 250
114 0.218750 246
114 0.250000 263
114 0.281250 239
114 0.312500 233
114 0.343750 258
114 0.375000 279
114 0.406250 247
114 0.437500 272
114 0.468750 229
114 0.500000 236
114 0.531250 220
114 0.562500 236
114 0.593750 241
114 0.625000 274
114 0.656250 276
114 0.687500 274
114 0.718750 263
114 0.750000 291
114 0.781250 290
114 0.812500 268
114 0.843750 282
114 0.875000 292
114 0.906250 280
114 0.937500 282
114 0.968750 243
115 0.000000 229
115 0.031250 220
115 0.062500 241
115 0.093750 283
115 0.125000 224
115 0.156250 267
115 0.187500 264
115 0.218750 255
115 0.250000 234
115 0.281250 258
115 0.312500 230
115 0.343750 223
115 0.375000 255
115 0.406250 238
115 0.437500 241
115 0.468750 213
115 0.500000 229
115 0.531250 225
115 0.562500 263
115 0.593750 229
115 0.625000 273
115 0.656250 293
115 0.687500 251
115 0.718750 318
115 0.750000 255
115 0.781250 273
115 0.812500 257
115 0.843750 268
115 0.875000 245
115 0.906250 252
115 0.937500 273
115 0.968750 264
116 0.000000 247
116 0.031250 241
116 0.062500 234
116 0.093750 216
116 0.125000 201
116 0.156250 245
116 0.187500 223
116 0.218750 247
116 0.250000 251
116 0.281250 243
116 0.312500 227
116 0.343750 241
116 0.375000 236
116 0.406250 221
116 0.437500 213
116 0.468750 216
116 0.500000 229
116 0.531250 240
116 0.562500 249
116 0.593750 268
116 0.625000 264
116 0.656250 244
116 0.687500 238
116 0.718750 271
116 0.750000 265
116 0.781250 252
116 0.812500 249
116 0.843750 272
116 0.875000 267
116 0.906250 274
116 0.937500 270
116 0.968750 240
117 0.000000 259
117 0.031250 242
117 0.062500 224
117 0.093750 208
117 0.125000 230
117 0.156250 228
117 0.187500 235
117 0.218750 267
117 0.250000 241
117 0.281250 240
117 0.312500 229
117 0.343750 242
117 0.375000 226
117 0.406250 217
117 0.437500 239
117 0.468750 202
117 0.500000 207
117 0.531250 204
117 0.562500 236
117 0.593750 261
117 0.625000 226
117 0.656250 283
117 0.687500 260
117 0.718750 261
117 0.750000 252
117 0.781250 278
117 0.812500 267
117 0.843750 265
117 0.875000 272
117 0.906250 252
117 0.937500 275
117 0.968750 242
118 0.000000 234
118 0.031250 275
118 0.062500 220
118 0.093750 249
118 0.125000 255
118 0.156250 238
118 0.187500 226
118 0.218750 214
118 0.250000 260
118 0.281250 216
118 0.312500 220
118 0.343750 225
118 0.375000 213
118 0.406250 207
118 0.437500 213
118 0.468750 251
118 0.500000 215
118 0.531250 225
118 0.562500 229
118 0.593750 223
118 0.625000 240
118 0.656250 237
118 0.687500 232
118 0.718750 243
118 0.750000 260
118 0.781250 234
118 0.812500 220
118 0.843750 249
118 0.875000 225
118 0.906250 243
118 0.937500 258
118 0.968750 223
119 0.000000 240
119 0.031250 238
119 0.062500 243
119 0.093750 214
119 0.125000 225
119 0.156250 212
119 0.187500 224
119 0.218750 226
119 0.250000 223
119 0.281250 217
119 0.312500 236
119 0.343750 227
119 0.375000 232
119 0.406250 246
119 0.437500 212
119 0.468750 208
119 0.500000 218
119 0.531250 233
119 0.562500 219
119 0.593750 258
119 0.625000 242
119 0.656250 215
119 0.687500 248
119 0.718750 217
119 0.750000 237
119 0.781250 243
119 0.812500 256
119 0.843750 225
119 0.875000 237
119 0.906250 243
119 0.937500 254
119 0.968750 241
120 0.000000 242
120 0.031250 202
120 0.062500 211
120 0.093750 255
120 0.125000 222
120 0.156250 224
120 0.187500 224
120 0.218750 198
120 0.250000 216
120 0.281250 225
120 0.312500 244
120 0.343750 217
120 0.375000 229
120 0.406250 222
120 0.437500 212
120 0.468750 218
120 0.500000 216
120 0.531250 239
120 0.562500 215
120 0.593750 219
120 0.625000 234
120 0.656250 240
120 0.687500 213
120 0.718750 237
120 0.750000 223
120 0.781250 243
120 0.812500 240
120 0.843750 208
120 0.875000 206
120 0.906250 258
120 0.937500 242
120 0.968750 216
121 0.000000 237
121 0.031250 194
121 0.062500 212
121 0.093750 233
121 0.125000 227
121 0.156250 219
121 0.187500 242
121 0.218750 203
121 0.250000 226
121 0.281250 230
121 0.312500 238
121 0.343750 194
121 0.375000 240
121 0.406250 240
121 0.437500 231
121 0.468750 223
121 0.500000 212
121 0.531250 216
121 0.562500 229
121 0.593750 248
121 0.625000 228
121 0.656250 231
121 0.687500 247
121 0.718750 223
121 0.750000 242
121 0.781250 243
121 0.812500 229
121 0.843750 253
121 0.875000 217
121 0.906250 194
121 0.937500 221
121 0.968750 234
122 0.000000 210
122 0.031250 228
122 0.062500 216
122 0.093750 216
122 0.125000 206
122 0.156250 218
122 0.187500 203
122 0.218750 224
122 0.250000 215
122 0.281250 211
122 0.312500 212
122 0.343750 244
122 0.375000 227
122 0.406250 218
122 0.437500 211
122 0.468750 222
122 0.500000 213
122 0.531250 227
122 0.562500 203
122 0.593750 229
122 0.625000 203
122 0.656250 262
122 0.687500 207
122 0.718750 223
122 0.750000 220
122 0.781250 227
122 0.812500 210
122 0.843750 198
122 0.875000 236
122 0.906250 219
122 0.937500 218
122 0.968750 227
123 0.000000 214
123 0.031250 235
123 0.062500 217
123 0.093750 195
123 0.125000 213
123 0.156250 204
123 0.187500 223
123 0.218750 214
123 0.250000 217
123 0.281250 208
123 0.312500 227
123 0.343750 214
123 0.375000 211
123 0.406250 183
123 0.437500 221
123 0.468750 214
123 0.500000 246
123 0.531250 208
123 0.562500 221
123 0.593750 201
123 0.625000 217
123 0.656250 219
123 0.687500 236
123 0.718750 219
123 0.750000 213
123 0.781250 241
123 0.812500 217
123 0.843750 224
123 0.875000 234
123 0.906250 233
123 0.937500 236
123 0.968750 202
124 0.000000 218
124 0.031250 217
124 0.062500 201
124 0.093750 215
124 0.125000 230
124 0.156250 217
124 0.187500 198
124 0.218750 212
124 0.250000 208
124 0.281250 205
124 0.312500 210
124 0.343750 218
124 0.375000 211
124 0.406250 199
124 0.437500 241
124 0.468750 201
124 0.500000 196
124 0.531250 207
124 0.562500 236
124 0.593750 235
124 0.625000 233
124 0.656250 216
124 0.687500 184
124 0.718750 206
124 0.750000 242
124 0.781250 211
124 0.812500 238
124 0.843750 210
124 0.875000 215
124 0.906250 197
124 0.937500 200
124 0.968750 195
125 0.000000 183
125 0.031250 205
125 0.062500 248
125 0.093750 206
125 0.125000 172
125 0.156250 200
125 0.187500 213
125 0.218750 211
125 0.250000 228
125 0.281250 207
125 0.312500 199
125 0.343750 207
125 0.375000 199
125 0.406250 180
125 0.437500 210
125 0.468750 225
125 0.500000 206
125 0.531250 192
125 0.562500 182
125 0.593750 228
125 0.625000 227
125 0.656250 211
125 0.687500 199
125 0.718750 218
125 0.750000 209
125 0.781250 229
125 0.812500 236
125 0.843750 241
125 0.875000 193
125 0.906250 242
125 0.937500 211
125 0.968750 227
126 0.000000 198
126 0.031250 192
126 0.062500 224
126 0.093750 186
126 0.125000 214
126 0.156250 182
126 0.187500 181
126 0.218750 239
126 0.250000 196
126 0.281250 219
126 0.312500 170
126 0.343750 179
126 0.375000 198
126 0.406250 195
126 0.437500 193
126 0.468750 197
126 0.500000 211
126 0.531250 216
126 0.562500 223
126 0.593750 209
126 0.625000 200
126 0.656250 201
126 0.687500 201
126 0.718750 215
126 0.750000 200
126 0.781250 225
126 0.812500 229
126 0.843750 207
126 0.875000 225
126 0.906250 227
126 0.937500 226
126 0.968750 212
127 0.000000 205
127 0.031250 213
127 0.062500 211
127 0.093750 233
127 0.125000 183
127 0.156250 197
127 0.187500 207
127 0.218750 186
127 0.250000 200
127 0.281250 205
127 0.312500 198
127 0.343750 204
127 0.375000 172
127 0.406250 201
127 0.437500 196
127 0.468750 208
127 0.500000 182
127 0.531250 192
127 0.562500 205
127 0.593750 215
127 0.625000 218
127 0.656250 223
127 0.687500 222
127 0.718750 211
127 0.750000 235
127 0.781250 219
127 0.812500 205
127 0.843750 211
127 0.875000 223
127 0.906250 211
127 0.937500 213
127 0.968750 194
128 0.000000 210
128 0.031250 219
128 0.062500 197
128 0.093750 207
128 0.125000 193
128 0.156250 206
128 0.187500 217
128 0.218750 180
128 0.250000 194
128 0.281250 181
128 0.312500 194
128 0.343750 202
128 0.375000 179
128 0.406250 208
128 0.437500 188
128 0.468750 192
128 0.500000 210
128 0.531250 193
128 0.562500 211
128 0.593750 211
128 0.625000 213
128 0.656250 212
128 0.687500 213
128 0.718750 203
128 0.750000 219
128 0.781250 187
128 0.812500 202
128 0.843750 189
128 0.875000 188
128 0.906250 208
128 0.937500 193
128 0.968750 199
129 0.000000 181
129 0.031250 225
129 0.062500 179
129 0.093750 203
129 0.125000 195
129 0.156250 191
129 0.187500 194
129 0.218750 217
129 0.250000 192
129 0.281250 183
129 0.312500 200
129 0.343750 199
129 0.375000 206
129 0.406250 170
129 0.437500 192
129 0.468750 206
129 0.500000 179
129 0.531250 216
129 0.562500 209
129 0.593750 204
129 0.625000 188
129 0.656250 196
129 0.687500 179
129 0.718750 209
129 0.750000 211
129 0.781250 206
129 0.812500 228
129 0.843750 221
129 0.875000 177
129 0.906250 169
129 0.937500 191
129 0.968750 181
130 0.000000 200
130 0.031250 186
130 0.062500 195
130 0.093750 174
130 0.125000 203
130 0.156250 206
130 0.187500 174
130 0.218750 202
130 0.250000 190
130 0.281250 172
130 0.312500 157
130 0.343750 206
130 0.375000 201
130 0.406250 181
130 0.437500 178
130 0.468750 179
130 0.500000 200
130 0.531250 180
130 0.562500 184
130 0.593750 205
130 0.625000 202
130 0.656250 215
130 0.687500 195
130 0.718750 198
130 0.750000 173
130 0.781250 207
130 0.812500 211
130 0.843750 230
130 0.875000 199
130 0.906250 171
130 0.937500 202
130 0.968750 190
131 0.000000 173
131 0.031250 172
131 0.062500 197
131 0.093750 197
131 0.125000 195
131 0.156250 195
131 0.187500 185
131 0.218750 176
131 0.250000 195
131 0.281250 198
131 0.312500 191
131 0.343750 174
131 0.375000 182
131 0.406250 181
131 0.437500 175
131 0.468750 205
131 0.500000 165
131 0.531250 186
131 0.562500 185
131 0.593750 207
131 0.625000 186
131 0.656250 192
131 0.687500 211
131 0.718750 202
131 0.750000 181
131 0.781250 192
131 0.812500 202
131 0.843750 180
131 0.875000 190
131 0.906250 200
131 0.937500 211
131 0.968750 199
132 0.000000 181
132 0.031250 202
132 0.062500 192
132 0.093750 200
132 0.125000 158
132 0.156250 211
132 0.187500 184
132 0.218750 185
132 0.250000 173
132 0.281250 192
132 0.312500 171
132 0.343750 172
132 0.375000 185
132 0.406250 179
132 0.437500 179
132 0.468750 174
132 0.500000 203
132 0.531250 193
132 0.562500 199
132 0.593750 201
132 0.625000 178
132 0.656250 175
132 0.687500 205
132 0.718750 206
132 0.750000 197
132 0.781250 212
132 0.812500 174
132 0.843750 190
132 0.875000 184
132 0.906250 191
132 0.937500 222
132 0.968750 189
133 0.000000 170
133 0.031250 162
133 0.062500 183
133 0.093750 179
133 0.125000 168
133 0.156250 180
133 0.187500 201
133 0.218750 175
133 0.250000 203
133 0.281250 169
133 0.312500 193
133 0.343750 151
133 0.375000 177
133 0.406250 158
133 0.437500 193
133 0.468750 195
133 0.500000 198
133 0.531250 156
133 0.562500 194
133 0.593750 183
133 0.625000 183
133 0.656250 202
133 0.687500 196
133 0.718750 171
133 0.750000 203
133 0.781250 186
133 0.812500 216
133 0.843750 202
133 0.875000 201
133 0.906250 173
133 0.937500 202
133 0.968750 171
134 0.000000 183
134 0.031250 176
134 0.062500 164
134 0.093750 194
134 0.125000 186
134 0.156250 183
134 0.187500 187
134 0.218750 172
134 0.250000 196
134 0.281250 188
134 0.312500 171
134 0.343750 199
134 0.375000 176
134 0.406250 175
134 0.437500 210
134 0.468750 164
134 0.500000 182
134 0.531250 174
134 0.562500 173
134 0.593750 208
134 0.625000 171
134 0.656250 174
134 0.687500 195
134 0.718750 190
134 0.750000 192
134 0.781250 198
134 0.812500 177
134 0.843750 181
134 0.875000 199
134 0.906250 184
134 0.937500 193
134 0.968750 172
135 0.000000 196
135 0.031250 186
135 0.062500 192
135 0.093750 193
135 0.125000 188
135 0.156250 161
135 0.187500 192
135 0.218750 166
135 0.250000 176
135 0.281250 194
135 0.312500 187
135 0.343750 152
135 0.375000 187
135 0.406250 166
135 0.437500 171
135 0.468750 168
135 0.500000 191
135 0.531250 185
135 0.562500 159
135 0.593750 176
135 0.625000 199
135 0.656250 168
135 0.687500 197
135 0.718750 154
135 0.750000 175
135 0.781250 208
135 0.812500 177
135 0.843750 164
135 0.875000 173
135 0.906250 189
135 0.937500 201
135 0.968750 167
136 0.000000 177
136 0.031250 185
136 0.062500 178
136 0.093750 184
136 0.125000 177
136 0.156250 180
136 0.187500 170
136 0.218750 192
136 0.250000 185
136 0.281250 162
136 0.312500 182
136 0.343750 169
136 0.375000 181
136 0.406250 183
136 0.437500 167
136 0.468750 161
136 0.500000 171
136 0.531250 179
136 0.562500 181
136 0.593750 195
136 0.625000 177
136 0.656250 180
136 0.687500 198
136 0.718750 176
136 0.750000 180
136 0.781250 163
136 0.812500 189
136 0.843750 174
136 0.875000 188
136 0.906250 164
136 0.937500 180
136 0.968750 190
137 0.000000 196
137 0.031250 170
137 0.062500 165
137 0.093750 174
137 0.125000 175
137 0.156250 178
137 0.187500 167
137 0.218750 195
137 0.250000 148
137 0.281250 176
137 0.312500 174
137 0.343750 149
137 0.375000 171
137 0.406250 172
137 0.437500 173
137 0.468750 175
137 0.500000 144
137 0.531250 179
137 0.562500 193
137 0.593750 188
137 0.625000 184
137 0.656250 170
137 0.687500 160
137 0.718750 166
137 0.750000 179
137 0.781250 173
137 0.812500 180
137 0.843750 182
137 0.875000 146
137 0.906250 175
137 0.937500 177
137 0.968750 179
138 0.000000 177
138 0.031250 144
138 0.062500 172
138 0.093750 183
138 0.125000 191
138 0.156250 189
138 0.187500 192
138 0.218750 202
138 0.250000 172
138 0.281250 182
138 0.312500 176
138 0.343750 167
138 0.375000 162
138 0.406250 173
138 0.437500 151
138 0.468750 183
138 0.500000 177
138 0.531250 172
138 0.562500 158
138 0.593750 179
138 0.625000 188
138 0.656250 177
138 0.687500 172
138 0.718750 174
138 0.750000 193
138 0.781250 192
138 0.812500 165
138 0.843750 196
138 0.875000 156
138 0.906250 160
138 0.937500 169
138 0.968750 168
139 0.000000 172
139 0.031250 162
139 0.062500 171
139 0.093750 159
139 0.125000 167
139 0.156250 176
139 0.187500 156
139 0.218750 176
139 0.250000 159
139 0.281250 167
139 0.312500 178
139 0.343750 162
139 0.375000 181
139 0.406250 146
139 0.437500 185
139 0.468750 162
139 0.500000 145
139 0.531250 181
139 0.562500 169
139 0.593750 158
139 0.625000 149
139 0.656250 152
139 0.687500 175
139 0.718750 179
139 0.750000 148
139 0.781250 171
139 0.812500 173
139 0.843750 186
139 0.875000 165
139 0.906250 179
139 0.937500 179
139 0.968750 159
140 0.000000 176
140 0.031250 163
140 0.062500 161
140 0.093750 171
140 0.125000 173
140 0.156250 183
140 0.187500 167
140 0.218750 139
140 0.250000 146
140 0.281250 154
140 0.312500 165
140 0.343750 168
140 0.375000 171
140 0.406250 176
140 0.437500 175
140 0.468750 174
140 0.500000 173
140 0.531250 143
140 0.562500 166
140 0.593750 176
140 0.625000 150
140 0.656250 180
140 0.687500 173
140 0.718750 175
140 0.750000 166
140 0.781250 185
140 0.812500 175
140 0.843750 153
140 0.875000 158
140 0.906250 188
140 0.937500 155
140 0.968750 177
141 0.000000 173
141 0.031250 168
141 0.062500 173
141 0.093750 150
141 0.125000 173
141 0.156250 164
141 0.187500 178
141 0.218750 175
141 0.250000 141
141 0.281250 185
141 0.312500 155
141 0.343750 149
141 0.375000 154
141 0.406250 183
141 0.437500 153
141 0.468750 155
141 0.500000 180
141 0.531250 184
141 0.562500 164
141 0.593750 158
141 0.625000 161
141 0.656250 177
141 0.687500 178
141 0.718750 153
141 0.750000 174
141 0.781250 166
141 0.812500 172
141 0.843750 174
141 0.875000 185
141 0.906250 175
141 0.937500 187
141 0.968750 166
142 0.000000 172
142 0.031250 171
142 0.062500 172
142 0.093750 136
142 0.125000 142
142 0.156250 170
142 0.187500 180
142 0.218750 162
142 0.250000 148
142 0.281250 166
142 0.312500 158
142 0.343750 174
142 0.375000 131
142 0.406250 164
142 0.437500 175
142 0.468750 170
142 0.500000 169
142 0.531250 185
142 0.562500 140
142 0.593750 143
142 0.625000 145
142 0.656250 170
142 0.687500 164
142 0.718750 176
142 0.750000 161
142 0.781250 158
142 0.812500 194
142 0.843750 164
142 0.875000 195
142 0.906250 167
142 0.937500 162
142 0.968750 157
143 0.000000 158
143 0.031250 176
143 0.062500 162
143 0.093750 141
143 0.125000 155
143 0.156250 157
143 0.187500 149
143 0.218750 174
143 0.250000 159
143 0.281250 135
143 0.312500 177
143 0.343750 146
143 0.375000 178
143 0.406250 193
143 0.437500 140
143 0.468750 129
143 0.500000 161
143 0.531250 163
143 0.562500 155
143 0.593750 147
143 0.625000 162
143 0.656250 169
143 0.687500 161
143 0.718750 166
143 0.750000 142
143 0.781250 153
143 0.812500 181
143 0.843750 156
143 0.875000 166
143 0.906250 168
143 0.937500 197
143 0.968750 155
144 0.000000 148
144 0.031250 139
144 0.062500 156
144 0.093750 172
144 0.125000 158
144 0.156250 141
144 0.187500 161
144 0.218750 154
144 0.250000 154
144 0.281250 177
144 0.312500 181
144 0.343750 151
144 0.375000 149
144 0.406250 151
144 0.437500 186
144 0.468750 152
144 0.500000 190
144 0.531250 170
144 0.562500 151
144 0.593750 157
144 0.625000 156
144 0.656250 150
144 0.687500 188
144 0.718750 147
144 0.750000 154
144 0.781250 152
144 0.812500 154
144 0.843750 166
144 0.875000 156
144 0.906250 174
144 0.937500 159
144 0.968750 156
145 0.000000 153
145 0.031250 184
145 0.062500 162
145 0.093750 172
145 0.125000 148
145 0.156250 153
145 0.187500 131
145 0.218750 150
145 0.250000 165
145 0.281250 149
145 0.312500 153
145 0.343750 167
145 0.375000 169
145 0.406250 148
145 0.437500 149
145 0.468750 149
145 0.500000 156
145 0.531250 147
145 0.562500 139
145 0.593750 143
145 0.625000 142
145 0.656250 141
145 0.687500 162
145 0.718750 144
145 0.750000 154
145 0.781250 144
145 0.812500 177
145 0.843750 159
145 0.875000 155
145 0.906250 184
145 0.937500 149
145 0.968750 158
146 0.000000 159
146 0.031250 139
146 0.062500 151
146 0.093750 155
146 0.125000 144
146 0.156250 132
146 0.187500 165
146 0.218750 161
146 0.250000 169
146 0.281250 146
146 0.312500 146
146 0.343750 147
146 0.375000 147
146 0.406250 145
146 0.437500 155
146 0.468750 168
146 0.500000 162
146 0.531250 144
146 0.562500 150
146 0.593750 141
146 0.625000 174
146 0.656250 154
146 0.687500 187
146 0.718750 150
146 0.750000 160
146 0.781250 163
146 0.812500 168
146 0.843750 171
146 0.875000 144
146 0.906250 169
146 0.937500 148
146 0.968750 166
147 0.000000 157
147 0.031250 149
147 0.062500 136
147 0.093750 154
147 0.125000 169
147 0.156250 145
147 0.187500 180
147 0.218750 153
147 0.250000 138
147 0.281250 152
147 0.312500 149
147 0.343750 146
147 0.375000 165
147 0.406250 136
147 0.437500 171
147 0.468750 179
147 0.500000 162
147 0.531250 149
147 0.562500 145
147 0.593750 171
147 0.625000 146
147 0.656250 144
147 0.687500 160
147 0.718750 176
147 0.750000 155
147 0.781250 151
147 0.812500 162
147 0.843750 136
147 0.875000 158
147 0.906250 165
147 0.937500 167
147 0.968750 155
148 0.000000 144
148 0.031250 135
148 0.062500 143
148 0.093750 151
148 0.125000 175
148 0.156250 149
148 0.187500 153
148 0.218750 143
148 0.250000 176
148 0.281250 149
148 0.312500 145
148 0.343750 155
148 0.375000 152
148 0.406250 126
148 0.437500 149
148 0.468750 149
148 0.500000 131
148 0.531250 146
148 0.562500 157
148 0.593750 138
148 0.625000 148
148 0.656250 155
148 0.687500 154
148 0.718750 157
148 0.750000 156
148 0.781250 150
148 0.812500 145
148 0.843750 141
148 0.875000 148
148 0.906250 171
148 0.937500 154
148 0.968750 167
149 0.000000 155
149 0.031250 146
149 0.062500 183
149 0.093750 134
149 0.125000 134
149 0.156250 163
149 0.187500 144
149 0.218750 170
149 0.250000 157
149 0.281250 153
149 0.312500 161
149 0.343750 154
149 0.375000 155
149 0.406250 176
149 0.437500 140
149 0.468750 144
149 0.500000 137
149 0.531250 141
149 0.562500 142
149 0.593750 144
149 0.625000 156
149 0.656250 133
149 0.687500 152
149 0.718750 156
149 0.750000 125
149 0.781250 153
149 0.812500 149
149 0.843750 140
149 0.875000 157
149 0.906250 157
149 0.937500 154
149 0.968750 139
150 0.000000 152
150 0.031250 164
150 0.062500 127
150 0.093750 154
150 0.125000 136
150 0.156250 134
150 0.187500 155
150 0.218750 141
150 0.250000 161
150 0.281250 153
150 0.312500 140
150 0.343750 146
150 0.375000 157
150 0.406250 137
150 0.437500 173
150 0.468750 143
150 0.500000 140
150 0.531250 129
150 0.562500 157
150 0.593750 150
150 0.625000 146
150 0.656250 140
150 0.687500 154
150 0.718750 139
150 0.750000 157
150 0.781250 158
150 0.812500 142
150 0.843750 155
150 0.875000 157
150 0.906250 130
150 0.937500 158
150 0.968750 151
151 0.000000 148
151 0.031250 152
151 0.062500 142
151 0.093750 142
151 0.125000 125
151 0.156250 149
151 0.187500 163
151 0.218750 145
151 0.250000 145
151 0.281250 150
151 0.312500 141
151 0.343750 142
151 0.375000 156
151 0.406250 155
151 0.437500 148
151 0.468750 155
151 0.500000 136
151 0.531250 120
151 0.562500 138
151 0.593750 156
151 0.625000 152
151 0.656250 151
151 0.687500 158
151 0.718750 150
151 0.750000 139
151 0.781250 146
151 0.812500 151
151 0.843750 139
151 0.875000 152
151 0.906250 152
151 0.937500 121
151 0.968750 138
152 0.000000 140
152 0.031250 132
152 0.062500 142
152 0.093750 130
152 0.125000 133
152 0.156250 134
152 0.187500 139
152 0.218750 129
152 0.250000 136
152 0.281250 150
152 0.312500 148
152 0.343750 139
152 0.375000 135
152 0.406250 145
152 0.437500 143
152 0.468750 144
152 0.500000 109
152 0.531250 140
152 0.562500 132
152 0.593750 153
152 0.625000 144
152 0.656250 142
152 0.687500 126
152 0.718750 139
152 0.750000 135
152 0.781250 131
152 0.812500 146
152 0.843750 145
152 0.875000 136
152 0.906250 137
152 0.937500 138
152 0.968750 143
153 0.000000 150
153 0.031250 171
153 0.062500 160
153 0.093750 152
153 0.125000 129
153 0.156250 129
153 0.187500 142
153 0.218750 147
153 0.250000 140
153 0.281250 144
153 0.312500 132
153 0.343750 132
153 0.375000 136
153 0.406250 148
153 0.437500 134
153 0.468750 149
153 0.500000 121
153 0.531250 140
153 0.562500 149
153 0.593750 165
153 0.625000 150
153 0.656250 143
153 0.687500 157
153 0.718750 123
153 0.750000 129
153 0.781250 146
153 0.812500 130
153 0.843750 158
153 0.875000 151
153 0.906250 130
153 0.937500 143
153 0.968750 125
154 0.000000 154
154 0.031250 144
154 0.062500 120
154 0.093750 117
154 0.125000 139
154 0.156250 151
154 0.187500 131
154 0.218750 124
154 0.250000 147
154 0.281250 129
154 0.312500 150
154 0.343750 121
154 0.375000 149
154 0.406250 143
154 0.437500 133
154 0.468750 135
154 0.500000 117
154 0.531250 128
154 0.562500 150
154 0.593750 150
154 0.625000 130
154 0.656250 123
154 0.687500 152
154 0.718750 123
154 0.750000 161
154 0.781250 131
154 0.812500 149
154 0.843750 141
154 0.875000 147
154 0.906250 147
154 0.937500 139
154 0.968750 146
155 0.000000 140
155 0.031250 131
155 0.062500 130
155 0.093750 142
155 0.125000 138
155 0.156250 129
155 0.187500 124
155 0.218750 150
155 0.250000 152
155 0.281250 150
155 0.312500 137
155 0.343750 123
155 0.375000 141
155 0.406250 117
155 0.437500 128
155 0.468750 115
155 0.500000 122
155 0.531250 134
155 0.562500 130
155 0.593750 138
155 0.625000 167
155 0.656250 143
155 0.687500 133
155 0.718750 137
155 0.750000 121
155 0.781250 141
155 0.812500 150
155 0.843750 121
155 0.875000 133
155 0.906250 129
155 0.937500 152
155 0.968750 118
156 0.000000 126
156 0.031250 140
156 0.062500 129
156 0.093750 130
156 0.125000 119
156 0.156250 139
156 0.187500 122
156 0.218750 117
156 0.250000 114
156 0.281250 113
156 0.312500 126
156 0.343750 125
156 0.375000 124
156 0.406250 109
156 0.437500 112
156 0.468750 113
156 0.500000 157
156 0.531250 127
156 0.562500 150
156 0.593750 133
156 0.625000 150
156 0.656250 132
156 0.687500 128
156 0.718750 116
156 0.750000 160
156 0.781250 132
156 0.812500 147
156 0.843750 160
156 0.875000 126
156 0.906250 149
156 0.937500 114
156 0.968750 130
157 0.000000 121
157 0.031250 122
157 0.062500 109
157 0.093750 138
157 0.125000 147
157 0.156250 135
157 0.187500 132
157 0.218750 151
157 0.250000 138
157 0.281250 135
157 0.312500 134
157 0.343750 125
157 0.375000 117
157 0.406250 124
157 0.437500 129
157 0.468750 145
157 0.500000 127
157 0.531250 128
157 0.562500 116
157 0.593750 133
157 0.625000 117
157 0.656250 163
157 0.687500 135
157 0.718750 130
157 0.750000 124
157 0.781250 132
157 0.812500 149
157 0.843750 123
157 0.875000 141
157 0.906250 136
157 0.937500 127
157 0.968750 138
158 0.000000 138
158 0.031250 142
158 0.062500 123
158 0.093750 132
158 0.125000 115
158 0.156250 128
158 0.187500 125
158 0.218750 142
158 0.250000 130
158 0.281250 140
158 0.312500 154
158 0.343750 114
158 0.375000 123
158 0.406250 122
158 0.437500 121
158 0.468750 125
158 0.500000 138
158 0.531250 137
158 0.562500 125
158 0.593750 135
158 0.625000 131
158 0.656250 114
158 0.687500 124
158 0.718750 125
158 0.750000 139
158 0.781250 123
158 0.812500 122
158 0.843750 124
158 0.875000 143
158 0.906250 127
158 0.937500 112
158 0.968750 125
159 0.000000 112
159 0.031250 129
159 0.062500 123
159 0.093750 119
159 0.125000 124
159 0.156250 122
159 0.187500 129
159 0.218750 133
159 0.250000 129
159 0.281250 112
159 0.312500 109
159 0.343750 117
159 0.375000 120
159 0.406250 138
159 0.437500 119
159 0.468750 133
159 0.500000 112
159 0.531250 140
159 0.562500 118
159 0.593750 108
159 0.625000 130
159 0.656250 123
159 0.687500 139
159 0.718750 118
159 0.750000 110
159 0.781250 148
159 0.812500 115
159 0.843750 119
159 0.875000 135
159 0.906250 113
159 0.937500 127
159 0.968750 130
160 0.000000 129
160 0.031250 128
160 0.062500 126
160 0.093750 127
160 0.125000 121
160 0.156250 117
160 0.187500 133
160 0.218750 116
160 0.250000 132
160 0.281250 131
160 0.312500 125
160 0.343750 124
160 0.375000 146
160 0.406250 144
160 0.437500 119
160 0.468750 108
160 0.500000 117
160 0.531250 111
160 0.562500 127
160 0.593750 130
160 0.625000 103
160 0.656250 126
160 0.687500 109
160 0.718750 159
160 0.750000 126
160 0.781250 109
160 0.812500 127
160 0.843750 114
160 0.875000 121
160 0.906250 126
160 0.937500 113
160 0.968750 139
161 0.000000 109
161 0.031250 108
161 0.062500 112
161 0.093750 136
161 0.125000 127
161 0.156250 151
161 0.187500 124
161 0.218750 127
161 0.250000 128
161 0.281250 103
161 0.312500 130
161 0.343750 142
161 0.375000 121
161 0.406250 113
161 0.437500 141
161 0.468750 103
161 0.500000 104
161 0.531250 103
161 0.562500 118
161 0.593750 113
161 0.625000 139
161 0.656250 108
161 0.687500 137
161 0.718750 110
161 0.750000 131
161 0.781250 121
161 0.812500 119
161 0.843750 124
161 0.875000 122
161 0.906250 126
161 0.937500 109
161 0.968750 132
162 0.000000 111
162 0.031250 99
162 0.062500 115
162 0.093750 114
162 0.125000 124
162 0.156250 119
162 0.187500 120
162 0.218750 130
162 0.250000 119
162 0.281250 110
162 0.312500 128
162 0.343750 116
162 0.375000 127
162 0.406250 117
162 0.437500 121
162 0.468750 115
162 0.500000 125
162 0.531250 129
162 0.562500 115
162 0.593750 122
162 0.625000 120
162 0.656250 122
162 0.687500 122
162 0.718750 124
162 0.750000 113
162 0.781250 124
162 0.812500 113
162 0.843750 118
162 0.875000 130
162 0.906250 128
162 0.937500 110
162 0.968750 109
163 0.000000 129
163 0.031250 127
163 0.062500 143
163 0.093750 98
163 0.125000 114
163 0.156250 113
163 0.187500 134
163 0.218750 105
163 0.250000 98
163 0.281250 108
163 0.312500 105
163 0.343750 138
163 0.375000 118
163 0.406250 122
163 0.437500 123
163 0.468750 136
163 0.500000 106
163 0.531250 132
163 0.562500 121
163 0.593750 119
163 0.625000 111
163 0.656250 112
163 0.687500 125
163 0.718750 125
163 0.750000 143
163 0.781250 122
163 0.812500 129
163 0.843750 96
163 0.875000 129
163 0.906250 122
163 0.937500 111
163 0.968750 108
164 0.000000 118
164 0.031250 113
164 0.062500 142
164 0.093750 103
164 0.125000 102
164 0.156250 117
164 0.187500 109
164 0.218750 111
164 0.250000 129
164 0.281250 112
164 0.312500 109
164 0.343750 122
164 0.375000 103
164 0.406250 135
164 0.437500 135
164 0.468750 111
164 0.500000 122
164 0.531250 133
164 0.562500 100
164 0.593750 114
164 0.625000 126
164 0.656250 134
164 0.687500 130
164 0.718750 131
164 0.750000 119
164 0.781250 117
164 0.812500 117
164 0.843750 118
164 0.875000 114
164 0.906250 124
164 0.937500 121
164 0.968750 109
165 0.000000 111
165 0.031250 127
165 0.062500 132
165 0.093750 117
165 0.125000 120
165 0.156250 120
165 0.187500 115
165 0.218750 108
165 0.250000 138
165 0.281250 98
165 0.312500 111
165 0.343750 116
165 0.375000 120
165 0.406250 101
165 0.437500 135
165 0.468750 120
165 0.500000 111
165 0.531250 106
165 0.562500 116
165 0.593750 124
165 0.625000 107
165 0.656250 115
165 0.687500 113
165 0.718750 121
165 0.750000 111
165 0.781250 121
165 0.812500 110
165 0.843750 117
165 0.875000 102
165 0.906250 124
165 0.937500 133
165 0.968750 138
166 0.000000 88
166 0.031250 99
166 0.062500 100
166 0.093750 111
166 0.125000 112
166 0.156250 116
166 0.187500 103
166 0.218750 108
166 0.250000 121
166 0.281250 100
166 0.312500 121
166 0.343750 102
166 0.375000 112
166 0.406250 90
166 0.437500 108
166 0.468750 119
166 0.500000 106
166 0.531250 109
166 0.562500 108
166 0.593750 113
166 0.625000 142
166 0.656250 111
166 0.687500 115
166 0.718750 99
166 0.750000 109
166 0.781250 107
166 0.812500 107
166 0.843750 114
166 0.875000 131
166 0.906250 111
166 0.937500 128
166 0.968750 122
167 0.000000 121
167 0.031250 110
167 0.062500 126
167 0.093750 111
167 0.125000 131
167 0.156250 94
167 0.187500 112
167 0.218750 112
167 0.250000 122
167 0.281250 107
167 0.312500 132
167 0.343750 111
167 0.375000 121
167 0.406250 109
167 0.437500 115
167 0.468750 113
167 0.500000 121
167 0.531250 119
167 0.562500 103
167 0.593750 118
167 0.625000 102
167 0.656250 113
167 0.687500 119
167 0.718750 129
167 0.750000 94
167 0.781250 130
167 0.812500 118
167 0.843750 101
167 0.875000 123
167 0.906250 111
167 0.937500 141
167 0.968750 100
168 0.000000 129
168 0.031250 107
168 0.062500 109
168 0.093750 136
168 0.125000 117
168 0.156250 106
168 0.187500 116
168 0.218750 121
168 0.250000 104
168 0.281250 113
168 0.312500 111
168 0.343750 119
168 0.375000 122
168 0.406250 116
168 0.437500 122
168 0.468750 98
168 0.500000 122
168 0.531250 115
168 0.562500 99
168 0.593750 115
168 0.625000 109
168 0.656250 123
168 0.687500 102
168 0.718750 106
168 0.750000 106
168 0.781250 104
168 0.812500 110
168 0.843750 118
168 0.875000 108
168 0.906250 121
168 0.937500 114
168 0.968750 109
169 0.000000 136
169 0.031250 102
169 0.062500 111
169 0.093750 125
169 0.125000 121
169 0.156250 110
169 0.187500 119
169 0.218750 117
169 0.250000 112
169 0.281250 123
169 0.312500 109
169 0.343750 109
169 0.375000 131
169 0.406250 109
169 0.437500 125
169 0.468750 122
169 0.500000 125
169 0.531250 110
169 0.562500 118
169 0.593750 107
169 0.625000 120
169 0.656250 111
169 0.687500 118
169 0.718750 110
169 0.750000 124
169 0.781250 105
169 0.812500 112
169 0.843750 123
169 0.875000 116
169 0.906250 108
169 0.937500 105
169 0.968750 110
170 0.000000 128
170 0.031250 120
170 0.062500 122
170 0.093750 110
170 0.125000 114
170 0.156250 116
170 0.187500 114
170 0.218750 109
170 0.250000 122
170 0.281250 94
170 0.312500 117
170 0.343750 103
170 0.375000 103
170 0.406250 121
170 0.437500 115
170 0.468750 120
170 0.500000 114
170 0.531250 124
170 0.562500 114
170 0.593750 98
170 0.625000 132
170 0.656250 98
170 0.687500 135
170 0.718750 110
170 0.750000 107
170 0.781250 124
170 0.812500 120
170 0.843750 99
170 0.875000 104
170 0.906250 126
170 0.937500 100
170 0.968750 113
171 0.000000 137
171 0.031250 108
171 0.062500 114
171 0.093750 97
171 0.125000 129
171 0.156250 103
171 0.187500 117
171 0.218750 93
171 0.250000 127
171 0.281250 112
171 0.312500 98
171 0.343750 101
171 0.375000 107
171 0.406250 116
171 0.437500 113
171 0.468750 114
171 0.500000 103
171 0.531250 113
171 0.562500 113
171 0.593750 119
171 0.625000 114
171 0.656250 110
171 0.687500 111
171 0.718750 112
171 0.750000 103
171 0.781250 95
171 0.812500 99
171 0.843750 115
171 0.875000 110
171 0.906250 90
171 0.937500 121
171 0.968750 135
172 0.000000 114
172 0.031250 108
172 0.062500 118
172 0.093750 115
172 0.125000 112
172 0.156250 108
172 0.187500 100
172 0.218750 94
172 0.250000 108
172 0.281250 106
172 0.312500 117
172 0.343750 119
172 0.375000 94
172 0.406250 135
172 0.437500 124
172 0.468750 115
172 0.500000 91
172 0.531250 117
172 0.562500 110
172 0.593750 110
172 0.625000 120
172 0.656250 114
172 0.687500 119
172 0.718750 97
172 0.750000 116
172 0.781250 107
172 0.812500 94
172 0.843750 119
172 0.875000 110
172 0.906250 119
172 0.937500 119
172 0.968750 106
173 0.000000 126
173 0.031250 95
173 0.062500 105
173 0.093750 110
173 0.125000 116
173 0.156250 98
173 0.187500 127
173 0.218750 108
173 0.250000 131
173 0.281250 114
173 0.312500 85
173 0.343750 109
173 0.375000 110
173 0.406250 109
173 0.437500 109
173 0.468750 112
173 0.500000 114
173 0.531250 108
173 0.562500 103
173 0.593750 118
173 0.625000 119
173 0.656250 120
173 0.687500 108
173 0.718750 101
173 0.750000 109
173 0.781250 106
173 0.812500 108
173 0.843750 102
173 0.875000 124
173 0.906250 117
173 0.937500 99
173 0.968750 111
174 0.000000 112
174 0.031250 95
174 0.062500 98
174 0.093750 118
174 0.125000 118
174 0.156250 120
174 0.187500 109
174 0.218750 98
174 0.250000 120
174 0.281250 115
174 0.312500 107
174 0.343750 99
174 0.375000 114
174 0.406250 122
174 0.437500 115
174 0.468750 89
174 0.500000 112
174 0.531250 106
174 0.562500 117
174 0.593750 95
174 0.625000 126
174 0.656250 102
174 0.687500 99
174 0.718750 113
174 0.750000 86
174 0.781250 108
174 0.812500 89
174 0.843750 128
174 0.875000 105
174 0.906250 137
174 0.937500 108
174 0.968750 105
175 0.000000 109
175 0.031250 117
175 0.062500 115
175 0.093750 113
175 0.125000 118
175 0.156250 107
175 0.187500 97
175 0.218750 101
175 0.250000 126
175 0.281250 117
175 0.312500 112
175 0.343750 114
175 0.375000 105
175 0.406250 118
175 0.437500 98
175 0.468750 113
175 0.500000 102
175 0.531250 97
175 0.562500 108
175 0.593750 109
175 0.625000 91
175 0.656250 119
175 0.687500 109
175 0.718750 111
175 0.750000 85
175 0.781250 107
175 0.812500 127
175 0.843750 117
175 0.875000 127
175 0.906250 121
175 0.937500 108
175 0.968750 113
176 0.000000 122
176 0.031250 83
176 0.062500 112
176 0.093750 94
176 0.125000 105
176 0.156250 107
176 0.187500 102
176 0.218750 109
176 0.250000 94
176 0.281250 115
176 0.312500 123
176 0.343750 127
176 0.375000 94
176 0.406250 95
176 0.437500 102
176 0.468750 97
176 0.500000 100
176 0.531250 106
176 0.562500 97
176 0.593750 98
176 0.625000 100
176 0.656250 105
176 0.687500 97
176 0.718750 102
176 0.750000 104
176 0.781250 101
176 0.812500 98
176 0.843750 88
176 0.875000 112
176 0.906250 99
176 0.937500 110
176 0.968750 109
177 0.000000 109
177 0.031250 117
177 0.062500 84
177 0.093750 87
177 0.125000 92
177 0.156250 97
177 0.187500 114
177 0.218750 103
177 0.250000 99
177 0.281250 89
177 0.312500 104
177 0.343750 109
177 0.375000 118
177 0.406250 101
177 0.437500 117
177 0.468750 102
177 0.500000 105
177 0.531250 101
177 0.562500 102
177 0.593750 128
177 0.625000 99
177 0.656250 107
177 0.687500 100
177 0.718750 86
177 0.750000 102
177 0.781250 96
177 0.812500 119
177 0.843750 132
177 0.875000 97
177 0.906250 113
177 0.937500 109
177 0.968750 102
178 0.000000 123
178 0.031250 104
178 0.062500 124
178 0.093750 108
178 0.125000 106
178 0.156250 99
178 0.187500 93
178 0.218750 100
178 0.250000 100
178 0.281250 108
178 0.312500 92
178 0.343750 103
178 0.375000 96
178 0.406250 98
178 0.437500 101
178 0.468750 119
178 0.500000 90
178 0.531250 113
178 0.562500 88
178 0.593750 96
178 0.625000 103
178 0.656250 91
178 0.687500 102
178 0.718750 97
178 0.750000 103
178 0.781250 103
178 0.812500 116
178 0.843750 115
178 0.875000 92
178 0.906250 110
178 0.937500 109
178 0.968750 90
179 0.000000 92
179 0.031250 117
179 0.062500 87
179 0.093750 101
179 0.125000 108
179 0.156250 92
179 0.187500 107
179 0.218750 103
179 0.250000 108
179 0.281250 114
179 0.312500 97
179 0.343750 90
179 0.375000 122
179 0.406250 104
179 0.437500 117
179 0.468750 105
179 0.500000 91
179 0.531250 109
179 0.562500 104
179 0.593750 116
179 0.625000 92
179 0.656250 94
179 0.687500 86
179 0.718750 110
179 0.750000 99
179 0.781250 93
179 0.812500 95
179 0.843750 97
179 0.875000 97
179 0.906250 86
179 0.937500 107
179 0.968750 101
180 0.000000 129
180 0.031250 82
180 0.062500 100
180 0.093750 126
180 0.125000 85
180 0.156250 106
180 0.187500 89
180 0.218750 107
180 0.250000 113
180 0.281250 96
180 0.312500 97
180 0.343750 83
180 0.375000 104
180 0.406250 92
180 0.437500 98
180 0.468750 105
180 0.500000 87
180 0.531250 100
180 0.562500 102
180 0.593750 91
180 0.625000 87
180 0.656250 115
180 0.687500 110
180 0.718750 93
180 0.750000 98
180 0.781250 88
180 0.812500 97
180 0.843750 83
180 0.875000 93
180 0.906250 90
180 0.937500 93
180 0.968750 89
181 0.000000 105
181 0.031250 92
181 0.062500 93
181 0.093750 87
181 0.125000 97
181 0.156250 95
181 0.187500 100
181 0.218750 105
181 0.250000 101
181 0.281250 94
181 0.312500 98
181 0.343750 95
181 0.375000 94
181 0.406250 100
181 0.437500 114
181 0.468750 109
181 0.500000 102
181 0.531250 81
181 0.562500 88
181 0.593750 110
181 0.625000 103
181 0.656250 101
181 0.687500 96
181 0.718750 92
181 0.750000 105
181 0.781250 103
181 0.812500 102
181 0.843750 83
181 0.875000 103
181 0.906250 94
181 0.937500 98
181 0.968750 111
182 0.000000 92
182 0.031250 97
182 0.062500 90
182 0.093750 107
182 0.125000 106
182 0.156250 96
182 0.187500 113
182 0.218750 103
182 0.250000 110
182 0.281250 80
182 0.312500 92
182 0.343750 121
182 0.375000 104
182 0.406250 76
182 0.437500 91
182 0.468750 104
182 0.500000 109
182 0.531250 113
182 0.562500 91
182 0.593750 93
182 0.625000 102
182 0.656250 89
182 0.687500 102
182 0.718750 94
182 0.750000 87
182 0.781250 108
182 0.812500 95
182 0.843750 101
182 0.875000 106
182 0.906250 110
182 0.937500 85
182 0.968750 84
183 0.000000 90
183 0.031250 96
183 0.062500 92
183 0.093750 107
183 0.125000 98
183 0.156250 117
183 0.187500 82
183 0.218750 103
183 0.250000 80
183 0.281250 93
183 0.312500 83
183 0.343750 86
183 0.375000 103
183 0.406250 99
183 0.437500 111
183 0.468750 87
183 0.500000 83
183 0.531250 89
183 0.562500 89
183 0.593750 92
183 0.625000 85
183 0.656250 88
183 0.687500 98
183 0.718750 112
183 0.750000 77
183 0.781250 104
183 0.812500 85
183 0.843750 86
183 0.875000 79
183 0.906250 86
183 0.937500 66
183 0.968750 94
184 0.000000 105
184 0.031250 96
184 0.062500 78
184 0.093750 103
184 0.125000 87
184 0.156250 81
184 0.187500 74
184 0.218750 84
184 0.250000 89
184 0.281250 100
184 0.312500 76
184 0.343750 86
184 0.375000 88
184 0.406250 99
184 0.437500 94
184 0.468750 83
184 0.500000 95
184 0.531250 98
184 0.562500 83
184 0.593750 86
184 0.625000 93
184 0.656250 88
184 0.687500 96
184 0.718750 99
184 0.750000 89
184 0.781250 81
184 0.812500 97
184 0.843750 88
184 0.875000 94
184 0.906250 81
184 0.937500 96
184 0.968750 88
185 0.000000 80
185 0.031250 86
185 0.062500 97
185 0.093750 111
185 0.125000 91
185 0.156250 81
185 0.187500 83
185 0.218750 78
185 0.250000 85
185 0.281250 78
185 0.312500 83
185 0.343750 88
185 0.375000 101
185 0.406250 90
185 0.437500 82
185 0.468750 79
185 0.500000 83
185 0.531250 74
185 0.562500 86
185 0.593750 104
185 0.625000 87
185 0.656250 89
185 0.687500 98
185 0.718750 96
185 0.750000 71
185 0.781250 82
185 0.812500 105
185 0.843750 82
185 0.875000 95
185 0.906250 82
185 0.937500 96
185 0.968750 85
186 0.000000 95
186 0.031250 85
186 0.062500 86
186 0.093750 84
186 0.125000 72
186 0.156250 71
186 0.187500 88
186 0.218750 66
186 0.250000 86
186 0.281250 84
186 0.312500 83
186 0.343750 87
186 0.375000 75
186 0.406250 101
186 0.437500 92
186 0.468750 90
186 0.500000 91
186 0.531250 79
186 0.562500 85
186 0.593750 90
186 0.625000 88
186 0.656250 83
186 0.687500 85
186 0.718750 84
186 0.750000 95
186 0.781250 85
186 0.812500 76
186 0.843750 98
186 0.875000 96
186 0.906250 72
186 0.937500 78
186 0.968750 96
187 0.000000 85
187 0.031250 76
187 0.062500 81
187 0.093750 94
187 0.125000 77
187 0.156250 96
187 0.187500 83
187 0.218750 73
187 0.250000 70
187 0.281250 79
187 0.312500 82
187 0.343750 92
187 0.375000 65
187 0.406250 85
187 0.437500 69
187 0.468750 77
187 0.500000 90
187 0.531250 83
187 0.562500 93
187 0.593750 100
187 0.625000 76
187 0.656250 95
187 0.687500 78
187 0.718750 75
187 0.750000 78
187 0.781250 97
187 0.812500 78
187 0.843750 86
187 0.875000 77
187 0.906250 78
187 0.937500 88
187 0.968750 75
188 0.000000 81
188 0.031250 93
188 0.062500 79
188 0.093750 70
188 0.125000 85
188 0.156250 63
188 0.187500 68
188 0.218750 71
188 0.250000 75
188 0.281250 97
188 0.312500 96
188 0.343750 73
188 0.375000 98
188 0.406250 80
188 0.437500 86
188 0.468750 89
188 0.500000 82
188 0.531250 69
188 0.562500 81
188 0.593750 71
188 0.625000 77
188 0.656250 76
188 0.687500 88
188 0.718750 83
188 0.750000 86
188 0.781250 80
188 0.812500 68
188 0.843750 94
188 0.875000 80
188 0.906250 79
188 0.937500 85
188 0.968750 87
189 0.000000 86
189 0.031250 67
189 0.062500 73
189 0.093750 80
189 0.125000 77
189 0.156250 80
189 0.187500 78
189 0.218750 84
189 0.250000 77
189 0.281250 75
189 0.312500 74
189 0.343750 89
189 0.375000 83
189 0.406250 73
189 0.437500 82
189 0.468750 81
189 0.500000 81
189 0.531250 75
189 0.562500 74
189 0.593750 81
189 0.625000 97
189 0.656250 70
189 0.687500 78
189 0.718750 78
189 0.750000 88
189 0.781250 70
189 0.812500 73
189 0.843750 84
189 0.875000 84
189 0.906250 72
189 0.937500 83
189 0.968750 84
190 0.000000 56
190 0.031250 67
190 0.062500 49
190 0.093750 74
190 0.125000 70
190 0.156250 53
190 0.187500 67
190 0.218750 78
190 0.250000 68
190 0.281250 71
190 0.312500 69
190 0.343750 95
190 0.375000 76
190 0.406250 91
190 0.437500 79
190 0.468750 68
190 0.500000 77
190 0.531250 82
190 0.562500 81
190 0.593750 81
190 0.625000 73
190 0.656250 80
190 0.687500 82
190 0.718750 70
190 0.750000 77
190 0.781250 80
190 0.812500 68
190 0.843750 76
190 0.875000 73
190 0.906250 73
190 0.937500 78
190 0.968750 72
191 0.000000 76
191 0.031250 86
191 0.062500 66
191 0.093750 79
191 0.125000 86
191 0.156250 77
191 0.187500 80
191 0.218750 72
191 0.250000 87
191 0.281250 66
191 0.312500 68
191 0.343750 82
191 0.375000 77
191 0.406250 65
191 0.437500 73
191 0.468750 70
191 0.500000 84
191 0.531250 77
191 0.562500 83
191 0.593750 69
191 0.625000 84
191 0.656250 73
191 0.687500 92
191 0.718750 70
191 0.750000 69
191 0.781250 80
191 0.812500 86
191 0.843750 79
191 0.875000 80
191 0.906250 76
191 0.937500 66
191 0.968750 80
192 0.000000 65
192 0.031250 63
192 0.062500 80
192 0.093750 94
192 0.125000 75
192 0.156250 81
192 0.187500 72
192 0.218750 86
192 0.250000 77
192 0.281250 63
192 0.312500 92
192 0.343750 72
192 0.375000 77
192 0.406250 67
192 0.437500 68
192 0.468750 96
192 0.500000 77
192 0.531250 80
192 0.562500 67
192 0.593750 69
192 0.625000 71
192 0.656250 66
192 0.687500 68
192 0.718750 81
192 0.750000 75
192 0.781250 72
192 0.812500 77
192 0.843750 72
192 0.875000 73
192 0.906250 88
192 0.937500 71
192 0.968750 64
193 0.000000 80
193 0.031250 80
193 0.062500 78
193 0.093750 80
193 0.125000 78
193 0.156250 75
193 0.187500 66
193 0.218750 83
193 0.250000 84
193 0.281250 77
193 0.312500 76
193 0.343750 85
193 0.375000 76
193 0.406250 74
193 0.437500 65
193 0.468750 79
193 0.500000 76
193 0.531250 96
193 0.562500 64
193 0.593750 92
193 0.625000 67
193 0.656250 65
193 0.687500 78
193 0.718750 68
193 0.750000 59
193 0.781250 57
193 0.812500 72
193 0.843750 86
193 0.875000 70
193 0.906250 68
193 0.937500 81
193 0.968750 74
194 0.000000 62
194 0.031250 58
194 0.062500 70
194 0.093750 69
194 0.125000 79
194 0.156250 87
194 0.187500 73
194 0.218750 77
194 0.250000 84
194 0.281250 69
194 0.312500 72
194 0.343750 72
194 0.375000 71
194 0.406250 82
194 0.437500 79
194 0.468750 65
194 0.500000 71
194 0.531250 73
194 0.562500 81
194 0.593750 63
194 0.625000 72
194 0.656250 68
194 0.687500 92
194 0.718750 65
194 0.750000 64
194 0.781250 72
194 0.812500 73
194 0.843750 94
194 0.875000 78
194 0.906250 71
194 0.937500 81
194 0.968750 65
195 0.000000 70
195 0.031250 76
195 0.062500 73
195 0.093750 73
195 0.125000 52
195 0.156250 71
195 0.187500 56
195 0.218750 59
195 0.250000 73
195 0.281250 68
195 0.312500 71
195 0.343750 69
195 0.375000 63
195 0.406250 75
195 0.437500 85
195 0.468750 70
195 0.500000 79
195 0.531250 76
195 0.562500 69
195 0.593750 65
195 0.625000 85
195 0.656250 72
195 0.687500 71
195 0.718750 82
195 0.750000 75
195 0.781250 74
195 0.812500 79
195 0.843750 77
195 0.875000 74
195 0.906250 80
195 0.937500 72
195 0.968750 77
196 0.000000 69
196 0.031250 61
196 0.062500 74
196 0.093750 70
196 0.125000 64
196 0.156250 78
196 0.187500 70
196 0.218750 87
196 0.250000 58
196 0.281250 66
196 0.312500 69
196 0.343750 71
196 0.375000 78
196 0.406250 80
196 0.437500 77
196 0.468750 85
196 0.500000 67
196 0.531250 66
196 0.562500 61
196 0.593750 59
196 0.625000 75
196 0.656250 67
196 0.687500 75
196 0.718750 71
196 0.750000 85
196 0.781250 60
196 0.812500 78
196 0.843750 71
196 0.875000 71
196 0.906250 78
196 0.937500 64
196 0.968750 58
197 0.000000 53
197 0.031250 71
197 0.062500 68
197 0.093750 75
197 0.125000 73
197 0.156250 79
197 0.187500 72
197 0.218750 62
197 0.250000 69
197 0.281250 73
197 0.312500 85
197 0.343750 80
197 0.375000 75
197 0.406250 61
197 0.437500 63
197 0.468750 67
197 0.500000 63
197 0.531250 87
197 0.562500 73
197 0.593750 63
197 0.625000 74
197 0.656250 66
197 0.687500 78
197 0.718750 76
197 0.750000 75
197 0.781250 67
197 0.812500 74
197 0.843750 70
197 0.875000 66
197 0.906250 65
197 0.937500 83
197 0.968750 95
198 0.000000 69
198 0.031250 53
198 0.062500 76
198 0.093750 58
198 0.125000 59
198 0.156250 61
198 0.187500 66
198 0.218750 73
198 0.250000 74
198 0.281250 53
198 0.312500 69
198 0.343750 89
198 0.375000 73
198 0.406250 78
198 0.437500 76
198 0.468750 76
198 0.500000 77
198 0.531250 86
198 0.562500 71
198 0.593750 81
198 0.625000 80
198 0.656250 65
198 0.687500 63
198 0.718750 72
198 0.750000 61
198 0.781250 72
198 0.812500 64
198 0.843750 62
198 0.875000 81
198 0.906250 59
198 0.937500 58
198 0.968750 58
199 0.000000 65
199 0.031250 80
199 0.062500 72
199 0.093750 66
199 0.125000 74
199 0.156250 77
199 0.187500 51
199 0.218750 65
199 0.250000 59
199 0.281250 68
199 0.312500 79
199 0.343750 61
199 0.375000 77
199 0.406250 62
199 0.437500 65
199 0.468750 54
199 0.500000 58
199 0.531250 74
199 0.562500 68
199 0.593750 61
199 0.625000 61
199 0.656250 57
199 0.687500 68
199 0.718750 64
199 0.750000 64
199 0.781250 74
199 0.812500 68
199 0.843750 79
199 0.875000 73
199 0.906250 68
199 0.937500 63
199 0.968750 72
200 0.000000 56
200 0.031250 78
200 0.062500 90
200 0.093750 60
200 0.125000 67
200 0.156250 81
200 0.187500 76
200 0.218750 71
200 0.250000 67
200 0.281250 61
200 0.312500 69
200 0.343750 58
200 0.375000 71
200 0.406250 72
200 0.437500 85
200 0.468750 71
200 0.500000 77
200 0.531250 64
200 0.562500 75
200 0.593750 63
200 0.625000 62
200 0.656250 74
200 0.687500 69
200 0.718750 65
200 0.750000 59
200 0.781250 65
200 0.812500 65
200 0.843750 79
200 0.875000 59
200 0.906250 61
200 0.937500 68
200 0.968750 82
