3462
5509
8286
11676
15654
19746
23399
25921
28526
30667
31871
33245
34635
34889
35458
35002
35696
34698
34146
33453
32655
31426
30807
30074
29145
28526
27840
27286
26293
24814
24182
22917
21690
20609
19506
18684
17701
16923
16091
15705
15124
14607
14165
13685
13111
12799
12326
11754
11414
11252
10576
10384
9974
9667
9241
8901
8482
8137
7929
7579
7452
7161
6789
6524
6373
6160
5914
5676
5481
5315
5180
4944
4795
4580
4598
4317
4230
4199
4023
3845
3821
3856
3640
3428
3418
3262
3258
3171
3141
3040
2872
2943
2871
2779
2727
2590
2535
2517
2474
2484
2345
2280
2311
2275
2281
2131
2149
2072
2014
2008
1993
1904
1912
1915
1921
1868
1751
1762
1695
1682
1730
1636
1667
1679
1692
1618
1514
1553
1514
1575
1514
1442
1432
1427
1414
1318
1405
1339
1303
1373
1282
1257
1184
1221
1202
1149
1159
1143
1195
1153
1224
1118
1091
1130
1150
1140
1137
1066
1033
1065
1040
1031
968
965
911
945
875
802
858
850
839
784
803
803
807
774
749
758
740
744
723
